instant	cnt	yr	hum	mnth	holiday	weekday	season	weathersit	temp	atemp	windspeed	casual	registered	workingday	dteday
continuous	continuous	discrete	continuous	continuous	discrete	continuous	continuous	continuous	continuous	continuous	continuous	continuous	continuous	discrete	time
														class	meta
1.0	985.0	0	0.805833	1.0	0	6.0	1.0	2.0	0.344167	0.363625	0.160446	331.0	654.0	0	2011-01-01
2.0	801.0	0	0.696087	1.0	0	0.0	1.0	2.0	0.363478	0.353739	0.248539	131.0	670.0	0	2011-01-02
3.0	1349.0	0	0.437273	1.0	0	1.0	1.0	1.0	0.196364	0.189405	0.248309	120.0	1229.0	1	2011-01-03
4.0	1562.0	0	0.590435	1.0	0	2.0	1.0	1.0	0.2	0.212122	0.160296	108.0	1454.0	1	2011-01-04
5.0	1600.0	0	0.436957	1.0	0	3.0	1.0	1.0	0.226957	0.22927	0.1869	82.0	1518.0	1	2011-01-05
6.0	1606.0	0	0.518261	1.0	0	4.0	1.0	1.0	0.204348	0.233209	0.0895652	88.0	1518.0	1	2011-01-06
7.0	1510.0	0	0.498696	1.0	0	5.0	1.0	2.0	0.196522	0.208839	0.168726	148.0	1362.0	1	2011-01-07
8.0	959.0	0	0.535833	1.0	0	6.0	1.0	2.0	0.165	0.162254	0.266804	68.0	891.0	0	2011-01-08
9.0	822.0	0	0.434167	1.0	0	0.0	1.0	1.0	0.138333	0.116175	0.36195	54.0	768.0	0	2011-01-09
10.0	1321.0	0	0.482917	1.0	0	1.0	1.0	1.0	0.150833	0.150888	0.223267	41.0	1280.0	1	2011-01-10
11.0	1263.0	0	0.686364	1.0	0	2.0	1.0	2.0	0.169091	0.191464	0.122132	43.0	1220.0	1	2011-01-11
12.0	1162.0	0	0.599545	1.0	0	3.0	1.0	1.0	0.172727	0.160473	0.304627	25.0	1137.0	1	2011-01-12
13.0	1406.0	0	0.470417	1.0	0	4.0	1.0	1.0	0.165	0.150883	0.301	38.0	1368.0	1	2011-01-13
14.0	1421.0	0	0.537826	1.0	0	5.0	1.0	1.0	0.16087	0.188413	0.126548	54.0	1367.0	1	2011-01-14
15.0	1248.0	0	0.49875	1.0	0	6.0	1.0	2.0	0.233333	0.248112	0.157963	222.0	1026.0	0	2011-01-15
16.0	1204.0	0	0.48375	1.0	0	0.0	1.0	1.0	0.231667	0.234217	0.188433	251.0	953.0	0	2011-01-16
17.0	1000.0	0	0.5375	1.0	1	1.0	1.0	2.0	0.175833	0.176771	0.194017	117.0	883.0	0	2011-01-17
18.0	683.0	0	0.861667	1.0	0	2.0	1.0	2.0	0.216667	0.232333	0.146775	9.0	674.0	1	2011-01-18
19.0	1650.0	0	0.741739	1.0	0	3.0	1.0	2.0	0.292174	0.298422	0.208317	78.0	1572.0	1	2011-01-19
20.0	1927.0	0	0.538333	1.0	0	4.0	1.0	2.0	0.261667	0.25505	0.195904	83.0	1844.0	1	2011-01-20
21.0	1543.0	0	0.457083	1.0	0	5.0	1.0	1.0	0.1775	0.157833	0.353242	75.0	1468.0	1	2011-01-21
22.0	981.0	0	0.4	1.0	0	6.0	1.0	1.0	0.0591304	0.0790696	0.17197	93.0	888.0	0	2011-01-22
23.0	986.0	0	0.436522	1.0	0	0.0	1.0	1.0	0.0965217	0.0988391	0.2466	150.0	836.0	0	2011-01-23
24.0	1416.0	0	0.491739	1.0	0	1.0	1.0	1.0	0.0973913	0.11793	0.15833	86.0	1330.0	1	2011-01-24
25.0	1985.0	0	0.616957	1.0	0	2.0	1.0	2.0	0.223478	0.234526	0.129796	186.0	1799.0	1	2011-01-25
26.0	506.0	0	0.8625	1.0	0	3.0	1.0	3.0	0.2175	0.2036	0.29385	34.0	472.0	1	2011-01-26
27.0	431.0	0	0.6875	1.0	0	4.0	1.0	1.0	0.195	0.2197	0.113837	15.0	416.0	1	2011-01-27
28.0	1167.0	0	0.793043	1.0	0	5.0	1.0	2.0	0.203478	0.223317	0.1233	38.0	1129.0	1	2011-01-28
29.0	1098.0	0	0.651739	1.0	0	6.0	1.0	1.0	0.196522	0.212126	0.145365	123.0	975.0	0	2011-01-29
30.0	1096.0	0	0.722174	1.0	0	0.0	1.0	1.0	0.216522	0.250322	0.0739826	140.0	956.0	0	2011-01-30
31.0	1501.0	0	0.60375	1.0	0	1.0	1.0	2.0	0.180833	0.18625	0.187192	42.0	1459.0	1	2011-01-31
32.0	1360.0	0	0.829565	2.0	0	2.0	1.0	2.0	0.192174	0.23453	0.053213	47.0	1313.0	1	2011-02-01
33.0	1526.0	0	0.775417	2.0	0	3.0	1.0	2.0	0.26	0.254417	0.264308	72.0	1454.0	1	2011-02-02
34.0	1550.0	0	0.437826	2.0	0	4.0	1.0	1.0	0.186957	0.177878	0.277752	61.0	1489.0	1	2011-02-03
35.0	1708.0	0	0.585217	2.0	0	5.0	1.0	2.0	0.211304	0.228587	0.127839	88.0	1620.0	1	2011-02-04
36.0	1005.0	0	0.929167	2.0	0	6.0	1.0	2.0	0.233333	0.243058	0.161079	100.0	905.0	0	2011-02-05
37.0	1623.0	0	0.568333	2.0	0	0.0	1.0	1.0	0.285833	0.291671	0.1418	354.0	1269.0	0	2011-02-06
38.0	1712.0	0	0.738333	2.0	0	1.0	1.0	1.0	0.271667	0.303658	0.0454083	120.0	1592.0	1	2011-02-07
39.0	1530.0	0	0.537917	2.0	0	2.0	1.0	1.0	0.220833	0.198246	0.36195	64.0	1466.0	1	2011-02-08
40.0	1605.0	0	0.494783	2.0	0	3.0	1.0	2.0	0.134783	0.144283	0.188839	53.0	1552.0	1	2011-02-09
41.0	1538.0	0	0.437391	2.0	0	4.0	1.0	1.0	0.144348	0.149548	0.221935	47.0	1491.0	1	2011-02-10
42.0	1746.0	0	0.506364	2.0	0	5.0	1.0	1.0	0.189091	0.213509	0.10855	149.0	1597.0	1	2011-02-11
43.0	1472.0	0	0.544167	2.0	0	6.0	1.0	1.0	0.2225	0.232954	0.203367	288.0	1184.0	0	2011-02-12
44.0	1589.0	0	0.457391	2.0	0	0.0	1.0	1.0	0.316522	0.324113	0.260883	397.0	1192.0	0	2011-02-13
45.0	1913.0	0	0.375833	2.0	0	1.0	1.0	1.0	0.415	0.39835	0.417908	208.0	1705.0	1	2011-02-14
46.0	1815.0	0	0.314348	2.0	0	2.0	1.0	1.0	0.266087	0.254274	0.291374	140.0	1675.0	1	2011-02-15
47.0	2115.0	0	0.423478	2.0	0	3.0	1.0	1.0	0.318261	0.3162	0.251791	218.0	1897.0	1	2011-02-16
48.0	2475.0	0	0.505	2.0	0	4.0	1.0	1.0	0.435833	0.428658	0.230104	259.0	2216.0	1	2011-02-17
49.0	2927.0	0	0.516667	2.0	0	5.0	1.0	1.0	0.521667	0.511983	0.264925	579.0	2348.0	1	2011-02-18
50.0	1635.0	0	0.187917	2.0	0	6.0	1.0	1.0	0.399167	0.391404	0.507463	532.0	1103.0	0	2011-02-19
51.0	1812.0	0	0.407826	2.0	0	0.0	1.0	1.0	0.285217	0.27733	0.223235	639.0	1173.0	0	2011-02-20
52.0	1107.0	0	0.605	2.0	1	1.0	1.0	2.0	0.303333	0.284075	0.307846	195.0	912.0	0	2011-02-21
53.0	1450.0	0	0.577778	2.0	0	2.0	1.0	1.0	0.182222	0.186033	0.195683	74.0	1376.0	1	2011-02-22
54.0	1917.0	0	0.423043	2.0	0	3.0	1.0	1.0	0.221739	0.245717	0.094113	139.0	1778.0	1	2011-02-23
55.0	1807.0	0	0.697391	2.0	0	4.0	1.0	2.0	0.295652	0.289191	0.250496	100.0	1707.0	1	2011-02-24
56.0	1461.0	0	0.712174	2.0	0	5.0	1.0	2.0	0.364348	0.350461	0.346539	120.0	1341.0	1	2011-02-25
57.0	1969.0	0	0.537917	2.0	0	6.0	1.0	1.0	0.2825	0.282192	0.186571	424.0	1545.0	0	2011-02-26
58.0	2402.0	0	0.68	2.0	0	0.0	1.0	1.0	0.343478	0.351109	0.125248	694.0	1708.0	0	2011-02-27
59.0	1446.0	0	0.876364	2.0	0	1.0	1.0	2.0	0.407273	0.400118	0.289686	81.0	1365.0	1	2011-02-28
60.0	1851.0	0	0.535	3.0	0	2.0	1.0	1.0	0.266667	0.263879	0.216425	137.0	1714.0	1	2011-03-01
61.0	2134.0	0	0.449583	3.0	0	3.0	1.0	1.0	0.335	0.320071	0.307833	231.0	1903.0	1	2011-03-02
62.0	1685.0	0	0.318333	3.0	0	4.0	1.0	1.0	0.198333	0.200133	0.225754	123.0	1562.0	1	2011-03-03
63.0	1944.0	0	0.610417	3.0	0	5.0	1.0	2.0	0.261667	0.255679	0.203346	214.0	1730.0	1	2011-03-04
64.0	2077.0	0	0.789167	3.0	0	6.0	1.0	2.0	0.384167	0.378779	0.251871	640.0	1437.0	0	2011-03-05
65.0	605.0	0	0.948261	3.0	0	0.0	1.0	2.0	0.376522	0.366252	0.343287	114.0	491.0	0	2011-03-06
66.0	1872.0	0	0.551304	3.0	0	1.0	1.0	1.0	0.261739	0.238461	0.341352	244.0	1628.0	1	2011-03-07
67.0	2133.0	0	0.420833	3.0	0	2.0	1.0	1.0	0.2925	0.3024	0.12065	316.0	1817.0	1	2011-03-08
68.0	1891.0	0	0.775417	3.0	0	3.0	1.0	2.0	0.295833	0.286608	0.22015	191.0	1700.0	1	2011-03-09
69.0	623.0	0	0.0	3.0	0	4.0	1.0	3.0	0.389091	0.385668	0.261877	46.0	577.0	1	2011-03-10
70.0	1977.0	0	0.649565	3.0	0	5.0	1.0	2.0	0.316522	0.305	0.23297	247.0	1730.0	1	2011-03-11
71.0	2132.0	0	0.594583	3.0	0	6.0	1.0	1.0	0.329167	0.32575	0.220775	724.0	1408.0	0	2011-03-12
72.0	2417.0	0	0.527391	3.0	0	0.0	1.0	1.0	0.384348	0.380091	0.270604	982.0	1435.0	0	2011-03-13
73.0	2046.0	0	0.496957	3.0	0	1.0	1.0	1.0	0.325217	0.332	0.136926	359.0	1687.0	1	2011-03-14
74.0	2056.0	0	0.655652	3.0	0	2.0	1.0	2.0	0.317391	0.318178	0.184309	289.0	1767.0	1	2011-03-15
75.0	2192.0	0	0.776522	3.0	0	3.0	1.0	2.0	0.365217	0.36693	0.203117	321.0	1871.0	1	2011-03-16
76.0	2744.0	0	0.602917	3.0	0	4.0	1.0	1.0	0.415	0.410333	0.209579	424.0	2320.0	1	2011-03-17
77.0	3239.0	0	0.525217	3.0	0	5.0	1.0	1.0	0.54	0.527009	0.231017	884.0	2355.0	1	2011-03-18
78.0	3117.0	0	0.379167	3.0	0	6.0	1.0	1.0	0.4725	0.466525	0.368167	1424.0	1693.0	0	2011-03-19
79.0	2471.0	0	0.47375	3.0	0	0.0	1.0	1.0	0.3325	0.32575	0.207721	1047.0	1424.0	0	2011-03-20
80.0	2077.0	0	0.737391	3.0	0	1.0	2.0	2.0	0.430435	0.409735	0.288783	401.0	1676.0	1	2011-03-21
81.0	2703.0	0	0.624583	3.0	0	2.0	2.0	1.0	0.441667	0.440642	0.22575	460.0	2243.0	1	2011-03-22
82.0	2121.0	0	0.839565	3.0	0	3.0	2.0	2.0	0.346957	0.337939	0.234261	203.0	1918.0	1	2011-03-23
83.0	1865.0	0	0.805833	3.0	0	4.0	2.0	2.0	0.285	0.270833	0.243787	166.0	1699.0	1	2011-03-24
84.0	2210.0	0	0.495	3.0	0	5.0	2.0	1.0	0.264167	0.256312	0.230725	300.0	1910.0	1	2011-03-25
85.0	2496.0	0	0.394167	3.0	0	6.0	2.0	1.0	0.265833	0.257571	0.209571	981.0	1515.0	0	2011-03-26
86.0	1693.0	0	0.493913	3.0	0	0.0	2.0	2.0	0.253043	0.250339	0.1843	472.0	1221.0	0	2011-03-27
87.0	2028.0	0	0.302174	3.0	0	1.0	2.0	1.0	0.264348	0.257574	0.212204	222.0	1806.0	1	2011-03-28
88.0	2425.0	0	0.314167	3.0	0	2.0	2.0	1.0	0.3025	0.292908	0.226996	317.0	2108.0	1	2011-03-29
89.0	1536.0	0	0.646667	3.0	0	3.0	2.0	2.0	0.3	0.29735	0.172888	168.0	1368.0	1	2011-03-30
90.0	1685.0	0	0.918333	3.0	0	4.0	2.0	3.0	0.268333	0.257575	0.217646	179.0	1506.0	1	2011-03-31
91.0	2227.0	0	0.68625	4.0	0	5.0	2.0	2.0	0.3	0.283454	0.258708	307.0	1920.0	1	2011-04-01
92.0	2252.0	0	0.65375	4.0	0	6.0	2.0	2.0	0.315	0.315637	0.197146	898.0	1354.0	0	2011-04-02
93.0	3249.0	0	0.48	4.0	0	0.0	2.0	1.0	0.378333	0.378767	0.182213	1651.0	1598.0	0	2011-04-03
94.0	3115.0	0	0.42625	4.0	0	1.0	2.0	1.0	0.573333	0.542929	0.385571	734.0	2381.0	1	2011-04-04
95.0	1795.0	0	0.642083	4.0	0	2.0	2.0	2.0	0.414167	0.39835	0.388067	167.0	1628.0	1	2011-04-05
96.0	2808.0	0	0.470833	4.0	0	3.0	2.0	1.0	0.390833	0.387608	0.263063	413.0	2395.0	1	2011-04-06
97.0	3141.0	0	0.602917	4.0	0	4.0	2.0	1.0	0.4375	0.433696	0.162312	571.0	2570.0	1	2011-04-07
98.0	1471.0	0	0.83625	4.0	0	5.0	2.0	2.0	0.335833	0.324479	0.226992	172.0	1299.0	1	2011-04-08
99.0	2455.0	0	0.8775	4.0	0	6.0	2.0	2.0	0.3425	0.341529	0.133083	879.0	1576.0	0	2011-04-09
100.0	2895.0	0	0.8575	4.0	0	0.0	2.0	2.0	0.426667	0.426737	0.146767	1188.0	1707.0	0	2011-04-10
101.0	3348.0	0	0.716956	4.0	0	1.0	2.0	2.0	0.595652	0.565217	0.324474	855.0	2493.0	1	2011-04-11
102.0	2034.0	0	0.739167	4.0	0	2.0	2.0	2.0	0.5025	0.493054	0.274879	257.0	1777.0	1	2011-04-12
103.0	2162.0	0	0.819167	4.0	0	3.0	2.0	2.0	0.4125	0.417283	0.250617	209.0	1953.0	1	2011-04-13
104.0	3267.0	0	0.540417	4.0	0	4.0	2.0	1.0	0.4675	0.462742	0.1107	529.0	2738.0	1	2011-04-14
105.0	3126.0	0	0.67125	4.0	1	5.0	2.0	1.0	0.446667	0.441913	0.226375	642.0	2484.0	0	2011-04-15
106.0	795.0	0	0.888333	4.0	0	6.0	2.0	3.0	0.430833	0.425492	0.340808	121.0	674.0	0	2011-04-16
107.0	3744.0	0	0.479583	4.0	0	0.0	2.0	1.0	0.456667	0.445696	0.303496	1558.0	2186.0	0	2011-04-17
108.0	3429.0	0	0.5425	4.0	0	1.0	2.0	1.0	0.5125	0.503146	0.163567	669.0	2760.0	1	2011-04-18
109.0	3204.0	0	0.665833	4.0	0	2.0	2.0	2.0	0.505833	0.489258	0.157971	409.0	2795.0	1	2011-04-19
110.0	3944.0	0	0.614167	4.0	0	3.0	2.0	1.0	0.595	0.564392	0.241925	613.0	3331.0	1	2011-04-20
111.0	4189.0	0	0.407083	4.0	0	4.0	2.0	1.0	0.459167	0.453892	0.325258	745.0	3444.0	1	2011-04-21
112.0	1683.0	0	0.729583	4.0	0	5.0	2.0	2.0	0.336667	0.321954	0.219521	177.0	1506.0	1	2011-04-22
113.0	4036.0	0	0.887917	4.0	0	6.0	2.0	2.0	0.46	0.450121	0.230725	1462.0	2574.0	0	2011-04-23
114.0	4191.0	0	0.810833	4.0	0	0.0	2.0	2.0	0.581667	0.551763	0.192175	1710.0	2481.0	0	2011-04-24
115.0	4073.0	0	0.776667	4.0	0	1.0	2.0	1.0	0.606667	0.5745	0.185333	773.0	3300.0	1	2011-04-25
116.0	4400.0	0	0.729167	4.0	0	2.0	2.0	1.0	0.631667	0.594083	0.3265	678.0	3722.0	1	2011-04-26
117.0	3872.0	0	0.835417	4.0	0	3.0	2.0	2.0	0.62	0.575142	0.3122	547.0	3325.0	1	2011-04-27
118.0	4058.0	0	0.700833	4.0	0	4.0	2.0	2.0	0.6175	0.578929	0.320908	569.0	3489.0	1	2011-04-28
119.0	4595.0	0	0.457083	4.0	0	5.0	2.0	1.0	0.51	0.497463	0.240063	878.0	3717.0	1	2011-04-29
120.0	5312.0	0	0.503333	4.0	0	6.0	2.0	1.0	0.4725	0.464021	0.235075	1965.0	3347.0	0	2011-04-30
121.0	3351.0	0	0.762083	5.0	0	0.0	2.0	2.0	0.451667	0.448204	0.106354	1138.0	2213.0	0	2011-05-01
122.0	4401.0	0	0.73	5.0	0	1.0	2.0	2.0	0.549167	0.532833	0.183454	847.0	3554.0	1	2011-05-02
123.0	4451.0	0	0.697083	5.0	0	2.0	2.0	2.0	0.616667	0.582079	0.342667	603.0	3848.0	1	2011-05-03
124.0	2633.0	0	0.737083	5.0	0	3.0	2.0	2.0	0.414167	0.40465	0.328996	255.0	2378.0	1	2011-05-04
125.0	4433.0	0	0.444167	5.0	0	4.0	2.0	1.0	0.459167	0.441917	0.295392	614.0	3819.0	1	2011-05-05
126.0	4608.0	0	0.59	5.0	0	5.0	2.0	1.0	0.479167	0.474117	0.228246	894.0	3714.0	1	2011-05-06
127.0	4714.0	0	0.54125	5.0	0	6.0	2.0	1.0	0.52	0.512621	0.16045	1612.0	3102.0	0	2011-05-07
128.0	4333.0	0	0.631667	5.0	0	0.0	2.0	1.0	0.528333	0.518933	0.0746375	1401.0	2932.0	0	2011-05-08
129.0	4362.0	0	0.58875	5.0	0	1.0	2.0	1.0	0.5325	0.525246	0.176	664.0	3698.0	1	2011-05-09
130.0	4803.0	0	0.489167	5.0	0	2.0	2.0	1.0	0.5325	0.522721	0.115671	694.0	4109.0	1	2011-05-10
131.0	4182.0	0	0.632917	5.0	0	3.0	2.0	1.0	0.5425	0.5284	0.120642	550.0	3632.0	1	2011-05-11
132.0	4864.0	0	0.7475	5.0	0	4.0	2.0	1.0	0.535	0.523363	0.189667	695.0	4169.0	1	2011-05-12
133.0	4105.0	0	0.863333	5.0	0	5.0	2.0	2.0	0.5125	0.4943	0.179725	692.0	3413.0	1	2011-05-13
134.0	3409.0	0	0.9225	5.0	0	6.0	2.0	2.0	0.520833	0.500629	0.13495	902.0	2507.0	0	2011-05-14
135.0	4553.0	0	0.867083	5.0	0	0.0	2.0	2.0	0.5625	0.536	0.152979	1582.0	2971.0	0	2011-05-15
136.0	3958.0	0	0.787917	5.0	0	1.0	2.0	1.0	0.5775	0.550512	0.126871	773.0	3185.0	1	2011-05-16
137.0	4123.0	0	0.837917	5.0	0	2.0	2.0	2.0	0.561667	0.538529	0.277354	678.0	3445.0	1	2011-05-17
138.0	3855.0	0	0.87	5.0	0	3.0	2.0	2.0	0.55	0.527158	0.201492	536.0	3319.0	1	2011-05-18
139.0	4575.0	0	0.829583	5.0	0	4.0	2.0	2.0	0.530833	0.510742	0.108213	735.0	3840.0	1	2011-05-19
140.0	4917.0	0	0.719583	5.0	0	5.0	2.0	1.0	0.536667	0.529042	0.125013	909.0	4008.0	1	2011-05-20
141.0	5805.0	0	0.626667	5.0	0	6.0	2.0	1.0	0.6025	0.571975	0.12065	2258.0	3547.0	0	2011-05-21
142.0	4660.0	0	0.749583	5.0	0	0.0	2.0	1.0	0.604167	0.5745	0.148008	1576.0	3084.0	0	2011-05-22
143.0	4274.0	0	0.81	5.0	0	1.0	2.0	2.0	0.631667	0.590296	0.233842	836.0	3438.0	1	2011-05-23
144.0	4492.0	0	0.740833	5.0	0	2.0	2.0	2.0	0.66	0.604813	0.207092	659.0	3833.0	1	2011-05-24
145.0	4978.0	0	0.69625	5.0	0	3.0	2.0	1.0	0.660833	0.615542	0.154233	740.0	4238.0	1	2011-05-25
146.0	4677.0	0	0.6775	5.0	0	4.0	2.0	1.0	0.708333	0.654688	0.199642	758.0	3919.0	1	2011-05-26
147.0	4679.0	0	0.65375	5.0	0	5.0	2.0	1.0	0.681667	0.637008	0.240679	871.0	3808.0	1	2011-05-27
148.0	4758.0	0	0.729583	5.0	0	6.0	2.0	1.0	0.655833	0.612379	0.230092	2001.0	2757.0	0	2011-05-28
149.0	4788.0	0	0.81875	5.0	0	0.0	2.0	1.0	0.6675	0.61555	0.213938	2355.0	2433.0	0	2011-05-29
150.0	4098.0	0	0.685	5.0	1	1.0	2.0	1.0	0.733333	0.671092	0.131225	1549.0	2549.0	0	2011-05-30
151.0	3982.0	0	0.636667	5.0	0	2.0	2.0	1.0	0.775	0.725383	0.111329	673.0	3309.0	1	2011-05-31
152.0	3974.0	0	0.677083	6.0	0	3.0	2.0	2.0	0.764167	0.720967	0.207092	513.0	3461.0	1	2011-06-01
153.0	4968.0	0	0.305	6.0	0	4.0	2.0	1.0	0.715	0.643942	0.292287	736.0	4232.0	1	2011-06-02
154.0	5312.0	0	0.354167	6.0	0	5.0	2.0	1.0	0.62	0.587133	0.253121	898.0	4414.0	1	2011-06-03
155.0	5342.0	0	0.45625	6.0	0	6.0	2.0	1.0	0.635	0.594696	0.123142	1869.0	3473.0	0	2011-06-04
156.0	4906.0	0	0.6525	6.0	0	0.0	2.0	2.0	0.648333	0.616804	0.138692	1685.0	3221.0	0	2011-06-05
157.0	4548.0	0	0.6	6.0	0	1.0	2.0	1.0	0.678333	0.621858	0.121896	673.0	3875.0	1	2011-06-06
158.0	4833.0	0	0.597917	6.0	0	2.0	2.0	1.0	0.7075	0.65595	0.187808	763.0	4070.0	1	2011-06-07
159.0	4401.0	0	0.622083	6.0	0	3.0	2.0	1.0	0.775833	0.727279	0.136817	676.0	3725.0	1	2011-06-08
160.0	3915.0	0	0.568333	6.0	0	4.0	2.0	2.0	0.808333	0.757579	0.149883	563.0	3352.0	1	2011-06-09
161.0	4586.0	0	0.605	6.0	0	5.0	2.0	1.0	0.755	0.703292	0.140554	815.0	3771.0	1	2011-06-10
162.0	4966.0	0	0.654583	6.0	0	6.0	2.0	1.0	0.725	0.678038	0.15485	1729.0	3237.0	0	2011-06-11
163.0	4460.0	0	0.747917	6.0	0	0.0	2.0	1.0	0.6925	0.643325	0.163567	1467.0	2993.0	0	2011-06-12
164.0	5020.0	0	0.494583	6.0	0	1.0	2.0	1.0	0.635	0.601654	0.30535	863.0	4157.0	1	2011-06-13
165.0	4891.0	0	0.507083	6.0	0	2.0	2.0	1.0	0.604167	0.591546	0.269283	727.0	4164.0	1	2011-06-14
166.0	5180.0	0	0.471667	6.0	0	3.0	2.0	1.0	0.626667	0.587754	0.167912	769.0	4411.0	1	2011-06-15
167.0	3767.0	0	0.688333	6.0	0	4.0	2.0	2.0	0.628333	0.595346	0.206471	545.0	3222.0	1	2011-06-16
168.0	4844.0	0	0.735833	6.0	0	5.0	2.0	1.0	0.649167	0.600383	0.143029	863.0	3981.0	1	2011-06-17
169.0	5119.0	0	0.670417	6.0	0	6.0	2.0	1.0	0.696667	0.643954	0.119408	1807.0	3312.0	0	2011-06-18
170.0	4744.0	0	0.666667	6.0	0	0.0	2.0	2.0	0.699167	0.645846	0.102	1639.0	3105.0	0	2011-06-19
171.0	4010.0	0	0.74625	6.0	0	1.0	2.0	2.0	0.635	0.595346	0.155475	699.0	3311.0	1	2011-06-20
172.0	4835.0	0	0.770417	6.0	0	2.0	3.0	2.0	0.680833	0.637646	0.171025	774.0	4061.0	1	2011-06-21
173.0	4507.0	0	0.7075	6.0	0	3.0	3.0	1.0	0.733333	0.693829	0.172262	661.0	3846.0	1	2011-06-22
174.0	4790.0	0	0.703333	6.0	0	4.0	3.0	2.0	0.728333	0.693833	0.238804	746.0	4044.0	1	2011-06-23
175.0	4991.0	0	0.573333	6.0	0	5.0	3.0	1.0	0.724167	0.656583	0.222025	969.0	4022.0	1	2011-06-24
176.0	5202.0	0	0.483333	6.0	0	6.0	3.0	1.0	0.695	0.643313	0.209571	1782.0	3420.0	0	2011-06-25
177.0	5305.0	0	0.513333	6.0	0	0.0	3.0	1.0	0.68	0.637629	0.0945333	1920.0	3385.0	0	2011-06-26
178.0	4708.0	0	0.658333	6.0	0	1.0	3.0	2.0	0.6825	0.637004	0.107588	854.0	3854.0	1	2011-06-27
179.0	4648.0	0	0.634167	6.0	0	2.0	3.0	1.0	0.744167	0.692558	0.144283	732.0	3916.0	1	2011-06-28
180.0	5225.0	0	0.497917	6.0	0	3.0	3.0	1.0	0.728333	0.654688	0.261821	848.0	4377.0	1	2011-06-29
181.0	5515.0	0	0.434167	6.0	0	4.0	3.0	1.0	0.696667	0.637008	0.185312	1027.0	4488.0	1	2011-06-30
182.0	5362.0	0	0.39625	7.0	0	5.0	3.0	1.0	0.7225	0.652162	0.102608	1246.0	4116.0	1	2011-07-01
183.0	5119.0	0	0.444583	7.0	0	6.0	3.0	1.0	0.738333	0.667308	0.115062	2204.0	2915.0	0	2011-07-02
184.0	4649.0	0	0.6825	7.0	0	0.0	3.0	2.0	0.716667	0.668575	0.228858	2282.0	2367.0	0	2011-07-03
185.0	6043.0	0	0.637917	7.0	1	1.0	3.0	2.0	0.726667	0.665417	0.0814792	3065.0	2978.0	0	2011-07-04
186.0	4665.0	0	0.590417	7.0	0	2.0	3.0	1.0	0.746667	0.696338	0.126258	1031.0	3634.0	1	2011-07-05
187.0	4629.0	0	0.743333	7.0	0	3.0	3.0	1.0	0.72	0.685633	0.149883	784.0	3845.0	1	2011-07-06
188.0	4592.0	0	0.65125	7.0	0	4.0	3.0	1.0	0.75	0.686871	0.1592	754.0	3838.0	1	2011-07-07
189.0	4040.0	0	0.757917	7.0	0	5.0	3.0	2.0	0.709167	0.670483	0.225129	692.0	3348.0	1	2011-07-08
190.0	5336.0	0	0.609167	7.0	0	6.0	3.0	1.0	0.733333	0.664158	0.167912	1988.0	3348.0	0	2011-07-09
191.0	4881.0	0	0.578333	7.0	0	0.0	3.0	1.0	0.7475	0.690025	0.183471	1743.0	3138.0	0	2011-07-10
192.0	4086.0	0	0.635833	7.0	0	1.0	3.0	1.0	0.7625	0.729804	0.282337	723.0	3363.0	1	2011-07-11
193.0	4258.0	0	0.559167	7.0	0	2.0	3.0	1.0	0.794167	0.739275	0.200254	662.0	3596.0	1	2011-07-12
194.0	4342.0	0	0.631667	7.0	0	3.0	3.0	1.0	0.746667	0.689404	0.146133	748.0	3594.0	1	2011-07-13
195.0	5084.0	0	0.47625	7.0	0	4.0	3.0	1.0	0.680833	0.635104	0.240667	888.0	4196.0	1	2011-07-14
196.0	5538.0	0	0.59125	7.0	0	5.0	3.0	1.0	0.663333	0.624371	0.182833	1318.0	4220.0	1	2011-07-15
197.0	5923.0	0	0.585	7.0	0	6.0	3.0	1.0	0.686667	0.638263	0.208342	2418.0	3505.0	0	2011-07-16
198.0	5302.0	0	0.604167	7.0	0	0.0	3.0	1.0	0.719167	0.669833	0.245033	2006.0	3296.0	0	2011-07-17
199.0	4458.0	0	0.65125	7.0	0	1.0	3.0	1.0	0.746667	0.703925	0.215804	841.0	3617.0	1	2011-07-18
200.0	4541.0	0	0.650417	7.0	0	2.0	3.0	1.0	0.776667	0.747479	0.1306	752.0	3789.0	1	2011-07-19
201.0	4332.0	0	0.707083	7.0	0	3.0	3.0	1.0	0.768333	0.74685	0.113817	644.0	3688.0	1	2011-07-20
202.0	3784.0	0	0.69125	7.0	0	4.0	3.0	2.0	0.815	0.826371	0.222021	632.0	3152.0	1	2011-07-21
203.0	3387.0	0	0.580417	7.0	0	5.0	3.0	1.0	0.848333	0.840896	0.1331	562.0	2825.0	1	2011-07-22
204.0	3285.0	0	0.5	7.0	0	6.0	3.0	1.0	0.849167	0.804287	0.131221	987.0	2298.0	0	2011-07-23
205.0	3606.0	0	0.550833	7.0	0	0.0	3.0	1.0	0.83	0.794829	0.169171	1050.0	2556.0	0	2011-07-24
206.0	3840.0	0	0.757083	7.0	0	1.0	3.0	1.0	0.743333	0.720958	0.0908083	568.0	3272.0	1	2011-07-25
207.0	4590.0	0	0.540833	7.0	0	2.0	3.0	1.0	0.771667	0.696979	0.200258	750.0	3840.0	1	2011-07-26
208.0	4656.0	0	0.402917	7.0	0	3.0	3.0	1.0	0.775	0.690667	0.183463	755.0	3901.0	1	2011-07-27
209.0	4390.0	0	0.583333	7.0	0	4.0	3.0	1.0	0.779167	0.7399	0.178479	606.0	3784.0	1	2011-07-28
210.0	3846.0	0	0.5425	7.0	0	5.0	3.0	1.0	0.838333	0.785967	0.174138	670.0	3176.0	1	2011-07-29
211.0	4475.0	0	0.465833	7.0	0	6.0	3.0	1.0	0.804167	0.728537	0.168537	1559.0	2916.0	0	2011-07-30
212.0	4302.0	0	0.480833	7.0	0	0.0	3.0	1.0	0.805833	0.729796	0.164813	1524.0	2778.0	0	2011-07-31
213.0	4266.0	0	0.550833	8.0	0	1.0	3.0	1.0	0.771667	0.703292	0.156717	729.0	3537.0	1	2011-08-01
214.0	4845.0	0	0.49125	8.0	0	2.0	3.0	1.0	0.783333	0.707071	0.20585	801.0	4044.0	1	2011-08-02
215.0	3574.0	0	0.6575	8.0	0	3.0	3.0	2.0	0.731667	0.679937	0.135583	467.0	3107.0	1	2011-08-03
216.0	4576.0	0	0.7575	8.0	0	4.0	3.0	2.0	0.71	0.664788	0.19715	799.0	3777.0	1	2011-08-04
217.0	4866.0	0	0.630833	8.0	0	5.0	3.0	1.0	0.710833	0.656567	0.184696	1023.0	3843.0	1	2011-08-05
218.0	4294.0	0	0.755	8.0	0	6.0	3.0	2.0	0.716667	0.676154	0.22825	1521.0	2773.0	0	2011-08-06
219.0	3785.0	0	0.752917	8.0	0	0.0	3.0	1.0	0.7425	0.715292	0.201487	1298.0	2487.0	0	2011-08-07
220.0	4326.0	0	0.592083	8.0	0	1.0	3.0	1.0	0.765	0.703283	0.192175	846.0	3480.0	1	2011-08-08
221.0	4602.0	0	0.570417	8.0	0	2.0	3.0	1.0	0.775	0.724121	0.151121	907.0	3695.0	1	2011-08-09
222.0	4780.0	0	0.424167	8.0	0	3.0	3.0	1.0	0.766667	0.684983	0.200258	884.0	3896.0	1	2011-08-10
223.0	4792.0	0	0.42375	8.0	0	4.0	3.0	1.0	0.7175	0.651521	0.164796	812.0	3980.0	1	2011-08-11
224.0	4905.0	0	0.415	8.0	0	5.0	3.0	1.0	0.708333	0.654042	0.125621	1051.0	3854.0	1	2011-08-12
225.0	4150.0	0	0.729583	8.0	0	6.0	3.0	2.0	0.685833	0.645858	0.211454	1504.0	2646.0	0	2011-08-13
226.0	3820.0	0	0.8175	8.0	0	0.0	3.0	2.0	0.676667	0.624388	0.222633	1338.0	2482.0	0	2011-08-14
227.0	4338.0	0	0.712083	8.0	0	1.0	3.0	1.0	0.665833	0.616167	0.208954	775.0	3563.0	1	2011-08-15
228.0	4725.0	0	0.578333	8.0	0	2.0	3.0	1.0	0.700833	0.645837	0.236329	721.0	4004.0	1	2011-08-16
229.0	4694.0	0	0.575417	8.0	0	3.0	3.0	1.0	0.723333	0.666671	0.143667	668.0	4026.0	1	2011-08-17
230.0	3805.0	0	0.654583	8.0	0	4.0	3.0	1.0	0.711667	0.662258	0.233208	639.0	3166.0	1	2011-08-18
231.0	4153.0	0	0.722917	8.0	0	5.0	3.0	2.0	0.685	0.633221	0.139308	797.0	3356.0	1	2011-08-19
232.0	5191.0	0	0.674167	8.0	0	6.0	3.0	1.0	0.6975	0.648996	0.104467	1914.0	3277.0	0	2011-08-20
233.0	3873.0	0	0.77	8.0	0	0.0	3.0	1.0	0.710833	0.675525	0.248754	1249.0	2624.0	0	2011-08-21
234.0	4758.0	0	0.47	8.0	0	1.0	3.0	1.0	0.691667	0.638254	0.27675	833.0	3925.0	1	2011-08-22
235.0	5895.0	0	0.455417	8.0	0	2.0	3.0	1.0	0.640833	0.606067	0.146763	1281.0	4614.0	1	2011-08-23
236.0	5130.0	0	0.605	8.0	0	3.0	3.0	1.0	0.673333	0.630692	0.253108	949.0	4181.0	1	2011-08-24
237.0	3542.0	0	0.771667	8.0	0	4.0	3.0	2.0	0.684167	0.645854	0.210833	435.0	3107.0	1	2011-08-25
238.0	4661.0	0	0.76125	8.0	0	5.0	3.0	1.0	0.7	0.659733	0.0839625	768.0	3893.0	1	2011-08-26
239.0	1115.0	0	0.85	8.0	0	6.0	3.0	2.0	0.68	0.635556	0.375617	226.0	889.0	0	2011-08-27
240.0	4334.0	0	0.561765	8.0	0	0.0	3.0	1.0	0.707059	0.647959	0.304659	1415.0	2919.0	0	2011-08-28
241.0	4634.0	0	0.554583	8.0	0	1.0	3.0	1.0	0.636667	0.607958	0.159825	729.0	3905.0	1	2011-08-29
242.0	5204.0	0	0.548333	8.0	0	2.0	3.0	1.0	0.639167	0.594704	0.125008	775.0	4429.0	1	2011-08-30
243.0	5058.0	0	0.597917	8.0	0	3.0	3.0	1.0	0.656667	0.611121	0.0833333	688.0	4370.0	1	2011-08-31
244.0	5115.0	0	0.639167	9.0	0	4.0	3.0	1.0	0.655	0.614921	0.141796	783.0	4332.0	1	2011-09-01
245.0	4727.0	0	0.727083	9.0	0	5.0	3.0	2.0	0.643333	0.604808	0.139929	875.0	3852.0	1	2011-09-02
246.0	4484.0	0	0.716667	9.0	0	6.0	3.0	1.0	0.669167	0.633213	0.185325	1935.0	2549.0	0	2011-09-03
247.0	4940.0	0	0.742083	9.0	0	0.0	3.0	1.0	0.709167	0.665429	0.206467	2521.0	2419.0	0	2011-09-04
248.0	3351.0	0	0.790417	9.0	1	1.0	3.0	2.0	0.673333	0.625646	0.212696	1236.0	2115.0	0	2011-09-05
249.0	2710.0	0	0.886957	9.0	0	2.0	3.0	3.0	0.54	0.5152	0.343943	204.0	2506.0	1	2011-09-06
250.0	1996.0	0	0.917083	9.0	0	3.0	3.0	3.0	0.599167	0.544229	0.0970208	118.0	1878.0	1	2011-09-07
251.0	1842.0	0	0.939565	9.0	0	4.0	3.0	3.0	0.633913	0.555361	0.192748	153.0	1689.0	1	2011-09-08
252.0	3544.0	0	0.897917	9.0	0	5.0	3.0	2.0	0.65	0.578946	0.124379	417.0	3127.0	1	2011-09-09
253.0	5345.0	0	0.75375	9.0	0	6.0	3.0	1.0	0.66	0.607962	0.153608	1750.0	3595.0	0	2011-09-10
254.0	5046.0	0	0.71375	9.0	0	0.0	3.0	1.0	0.653333	0.609229	0.115054	1633.0	3413.0	0	2011-09-11
255.0	4713.0	0	0.692174	9.0	0	1.0	3.0	1.0	0.644348	0.60213	0.088913	690.0	4023.0	1	2011-09-12
256.0	4763.0	0	0.7125	9.0	0	2.0	3.0	1.0	0.650833	0.603554	0.141804	701.0	4062.0	1	2011-09-13
257.0	4785.0	0	0.697083	9.0	0	3.0	3.0	1.0	0.673333	0.6269	0.1673	647.0	4138.0	1	2011-09-14
258.0	3659.0	0	0.709167	9.0	0	4.0	3.0	2.0	0.5775	0.553671	0.271146	428.0	3231.0	1	2011-09-15
259.0	4760.0	0	0.590417	9.0	0	5.0	3.0	2.0	0.469167	0.461475	0.164183	742.0	4018.0	1	2011-09-16
260.0	4511.0	0	0.718333	9.0	0	6.0	3.0	2.0	0.491667	0.478512	0.189675	1434.0	3077.0	0	2011-09-17
261.0	4274.0	0	0.695	9.0	0	0.0	3.0	1.0	0.5075	0.490537	0.178483	1353.0	2921.0	0	2011-09-18
262.0	4539.0	0	0.69	9.0	0	1.0	3.0	2.0	0.549167	0.529675	0.151742	691.0	3848.0	1	2011-09-19
263.0	3641.0	0	0.88125	9.0	0	2.0	3.0	2.0	0.561667	0.532217	0.134954	438.0	3203.0	1	2011-09-20
264.0	4352.0	0	0.9	9.0	0	3.0	3.0	2.0	0.595	0.550533	0.0964042	539.0	3813.0	1	2011-09-21
265.0	4795.0	0	0.902083	9.0	0	4.0	3.0	2.0	0.628333	0.554963	0.128125	555.0	4240.0	1	2011-09-22
266.0	2395.0	0	0.9725	9.0	0	5.0	4.0	2.0	0.609167	0.522125	0.0783667	258.0	2137.0	1	2011-09-23
267.0	5423.0	0	0.8625	9.0	0	6.0	4.0	2.0	0.606667	0.564412	0.0783833	1776.0	3647.0	0	2011-09-24
268.0	5010.0	0	0.845	9.0	0	0.0	4.0	2.0	0.634167	0.572637	0.0503792	1544.0	3466.0	0	2011-09-25
269.0	4630.0	0	0.848333	9.0	0	1.0	4.0	2.0	0.649167	0.589042	0.1107	684.0	3946.0	1	2011-09-26
270.0	4120.0	0	0.885417	9.0	0	2.0	4.0	2.0	0.636667	0.574525	0.118171	477.0	3643.0	1	2011-09-27
271.0	3907.0	0	0.84875	9.0	0	3.0	4.0	2.0	0.635	0.575158	0.148629	480.0	3427.0	1	2011-09-28
272.0	4839.0	0	0.699167	9.0	0	4.0	4.0	1.0	0.616667	0.574512	0.172883	653.0	4186.0	1	2011-09-29
273.0	5202.0	0	0.6475	9.0	0	5.0	4.0	1.0	0.564167	0.544829	0.206475	830.0	4372.0	1	2011-09-30
274.0	2429.0	0	0.75375	10.0	0	6.0	4.0	2.0	0.41	0.412863	0.292296	480.0	1949.0	0	2011-10-01
275.0	2918.0	0	0.791667	10.0	0	0.0	4.0	2.0	0.356667	0.345317	0.222013	616.0	2302.0	0	2011-10-02
276.0	3570.0	0	0.760833	10.0	0	1.0	4.0	2.0	0.384167	0.392046	0.0833458	330.0	3240.0	1	2011-10-03
277.0	4456.0	0	0.71	10.0	0	2.0	4.0	1.0	0.484167	0.472858	0.205854	486.0	3970.0	1	2011-10-04
278.0	4826.0	0	0.647917	10.0	0	3.0	4.0	1.0	0.538333	0.527138	0.17725	559.0	4267.0	1	2011-10-05
279.0	4765.0	0	0.620833	10.0	0	4.0	4.0	1.0	0.494167	0.480425	0.134954	639.0	4126.0	1	2011-10-06
280.0	4985.0	0	0.684167	10.0	0	5.0	4.0	1.0	0.510833	0.504404	0.0223917	949.0	4036.0	1	2011-10-07
281.0	5409.0	0	0.70125	10.0	0	6.0	4.0	1.0	0.521667	0.513242	0.0454042	2235.0	3174.0	0	2011-10-08
282.0	5511.0	0	0.7275	10.0	0	0.0	4.0	1.0	0.540833	0.523983	0.06345	2397.0	3114.0	0	2011-10-09
283.0	5117.0	0	0.73375	10.0	1	1.0	4.0	1.0	0.570833	0.542925	0.0423042	1514.0	3603.0	0	2011-10-10
284.0	4563.0	0	0.80875	10.0	0	2.0	4.0	2.0	0.566667	0.546096	0.143042	667.0	3896.0	1	2011-10-11
285.0	2416.0	0	0.90625	10.0	0	3.0	4.0	3.0	0.543333	0.517717	0.24815	217.0	2199.0	1	2011-10-12
286.0	2913.0	0	0.896667	10.0	0	4.0	4.0	2.0	0.589167	0.551804	0.141787	290.0	2623.0	1	2011-10-13
287.0	3644.0	0	0.71625	10.0	0	5.0	4.0	2.0	0.550833	0.529675	0.223883	529.0	3115.0	1	2011-10-14
288.0	5217.0	0	0.483333	10.0	0	6.0	4.0	1.0	0.506667	0.498725	0.258083	1899.0	3318.0	0	2011-10-15
289.0	5041.0	0	0.486667	10.0	0	0.0	4.0	1.0	0.511667	0.503154	0.281717	1748.0	3293.0	0	2011-10-16
290.0	4570.0	0	0.579583	10.0	0	1.0	4.0	1.0	0.534167	0.510725	0.175379	713.0	3857.0	1	2011-10-17
291.0	4748.0	0	0.701667	10.0	0	2.0	4.0	2.0	0.5325	0.522721	0.110087	637.0	4111.0	1	2011-10-18
292.0	2424.0	0	0.895217	10.0	0	3.0	4.0	3.0	0.541739	0.513848	0.243339	254.0	2170.0	1	2011-10-19
293.0	4195.0	0	0.63625	10.0	0	4.0	4.0	1.0	0.475833	0.466525	0.422275	471.0	3724.0	1	2011-10-20
294.0	4304.0	0	0.574167	10.0	0	5.0	4.0	1.0	0.4275	0.423596	0.221396	676.0	3628.0	1	2011-10-21
295.0	4308.0	0	0.629167	10.0	0	6.0	4.0	1.0	0.4225	0.425492	0.0926667	1499.0	2809.0	0	2011-10-22
296.0	4381.0	0	0.74125	10.0	0	0.0	4.0	1.0	0.421667	0.422333	0.0995125	1619.0	2762.0	0	2011-10-23
297.0	4187.0	0	0.772083	10.0	0	1.0	4.0	1.0	0.463333	0.457067	0.118792	699.0	3488.0	1	2011-10-24
298.0	4687.0	0	0.622917	10.0	0	2.0	4.0	1.0	0.471667	0.463375	0.166658	695.0	3992.0	1	2011-10-25
299.0	3894.0	0	0.720417	10.0	0	3.0	4.0	2.0	0.484167	0.472846	0.148642	404.0	3490.0	1	2011-10-26
300.0	2659.0	0	0.812917	10.0	0	4.0	4.0	2.0	0.47	0.457046	0.197763	240.0	2419.0	1	2011-10-27
301.0	3747.0	0	0.585833	10.0	0	5.0	4.0	2.0	0.330833	0.318812	0.229479	456.0	3291.0	1	2011-10-28
302.0	627.0	0	0.8825	10.0	0	6.0	4.0	3.0	0.254167	0.227913	0.351371	57.0	570.0	0	2011-10-29
303.0	3331.0	0	0.62375	10.0	0	0.0	4.0	1.0	0.319167	0.321329	0.176617	885.0	2446.0	0	2011-10-30
304.0	3669.0	0	0.703333	10.0	0	1.0	4.0	1.0	0.34	0.356063	0.10635	362.0	3307.0	1	2011-10-31
305.0	4068.0	0	0.68375	11.0	0	2.0	4.0	1.0	0.400833	0.397088	0.135571	410.0	3658.0	1	2011-11-01
306.0	4186.0	0	0.71875	11.0	0	3.0	4.0	1.0	0.3775	0.390133	0.0820917	370.0	3816.0	1	2011-11-02
307.0	3974.0	0	0.702083	11.0	0	4.0	4.0	1.0	0.408333	0.405921	0.136817	318.0	3656.0	1	2011-11-03
308.0	4046.0	0	0.6225	11.0	0	5.0	4.0	2.0	0.403333	0.403392	0.271779	470.0	3576.0	1	2011-11-04
309.0	3926.0	0	0.519167	11.0	0	6.0	4.0	1.0	0.326667	0.323854	0.189062	1156.0	2770.0	0	2011-11-05
310.0	3649.0	0	0.734583	11.0	0	0.0	4.0	1.0	0.348333	0.362358	0.0920542	952.0	2697.0	0	2011-11-06
311.0	4035.0	0	0.75875	11.0	0	1.0	4.0	1.0	0.395	0.400871	0.057225	373.0	3662.0	1	2011-11-07
312.0	4205.0	0	0.721667	11.0	0	2.0	4.0	1.0	0.408333	0.412246	0.0690375	376.0	3829.0	1	2011-11-08
313.0	4109.0	0	0.758333	11.0	0	3.0	4.0	1.0	0.4	0.409079	0.0621958	305.0	3804.0	1	2011-11-09
314.0	2933.0	0	0.813333	11.0	0	4.0	4.0	2.0	0.38	0.373721	0.189067	190.0	2743.0	1	2011-11-10
315.0	3368.0	0	0.44625	11.0	1	5.0	4.0	1.0	0.324167	0.306817	0.314675	440.0	2928.0	0	2011-11-11
316.0	4067.0	0	0.552917	11.0	0	6.0	4.0	1.0	0.356667	0.357942	0.212062	1275.0	2792.0	0	2011-11-12
317.0	3717.0	0	0.458333	11.0	0	0.0	4.0	1.0	0.440833	0.43055	0.281721	1004.0	2713.0	0	2011-11-13
318.0	4486.0	0	0.587083	11.0	0	1.0	4.0	1.0	0.53	0.524612	0.306596	595.0	3891.0	1	2011-11-14
319.0	4195.0	0	0.68875	11.0	0	2.0	4.0	2.0	0.53	0.507579	0.199633	449.0	3746.0	1	2011-11-15
320.0	1817.0	0	0.93	11.0	0	3.0	4.0	3.0	0.456667	0.451988	0.136829	145.0	1672.0	1	2011-11-16
321.0	3053.0	0	0.575833	11.0	0	4.0	4.0	2.0	0.341667	0.323221	0.305362	139.0	2914.0	1	2011-11-17
322.0	3392.0	0	0.41	11.0	0	5.0	4.0	1.0	0.274167	0.272721	0.168533	245.0	3147.0	1	2011-11-18
323.0	3663.0	0	0.502083	11.0	0	6.0	4.0	1.0	0.329167	0.324483	0.224496	943.0	2720.0	0	2011-11-19
324.0	3520.0	0	0.684583	11.0	0	0.0	4.0	2.0	0.463333	0.457058	0.18595	787.0	2733.0	0	2011-11-20
325.0	2765.0	0	0.91	11.0	0	1.0	4.0	3.0	0.4475	0.445062	0.138054	220.0	2545.0	1	2011-11-21
326.0	1607.0	0	0.9625	11.0	0	2.0	4.0	3.0	0.416667	0.421696	0.118792	69.0	1538.0	1	2011-11-22
327.0	2566.0	0	0.757917	11.0	0	3.0	4.0	2.0	0.440833	0.430537	0.335825	112.0	2454.0	1	2011-11-23
328.0	1495.0	0	0.549167	11.0	1	4.0	4.0	1.0	0.373333	0.372471	0.167304	560.0	935.0	0	2011-11-24
329.0	2792.0	0	0.64375	11.0	0	5.0	4.0	1.0	0.375	0.380671	0.0988958	1095.0	1697.0	1	2011-11-25
330.0	3068.0	0	0.681667	11.0	0	6.0	4.0	1.0	0.375833	0.385087	0.0684208	1249.0	1819.0	0	2011-11-26
331.0	3071.0	0	0.698333	11.0	0	0.0	4.0	1.0	0.459167	0.4558	0.208954	810.0	2261.0	0	2011-11-27
332.0	3867.0	0	0.743043	11.0	0	1.0	4.0	1.0	0.503478	0.490122	0.142122	253.0	3614.0	1	2011-11-28
333.0	2914.0	0	0.830833	11.0	0	2.0	4.0	2.0	0.458333	0.451375	0.258092	96.0	2818.0	1	2011-11-29
334.0	3613.0	0	0.613333	11.0	0	3.0	4.0	1.0	0.325	0.311221	0.271158	188.0	3425.0	1	2011-11-30
335.0	3727.0	0	0.524583	12.0	0	4.0	4.0	1.0	0.3125	0.305554	0.220158	182.0	3545.0	1	2011-12-01
336.0	3940.0	0	0.625833	12.0	0	5.0	4.0	1.0	0.314167	0.331433	0.100754	268.0	3672.0	1	2011-12-02
337.0	3614.0	0	0.612917	12.0	0	6.0	4.0	1.0	0.299167	0.310604	0.0957833	706.0	2908.0	0	2011-12-03
338.0	3485.0	0	0.775833	12.0	0	0.0	4.0	1.0	0.330833	0.3491	0.0839583	634.0	2851.0	0	2011-12-04
339.0	3811.0	0	0.827083	12.0	0	1.0	4.0	2.0	0.385833	0.393925	0.0622083	233.0	3578.0	1	2011-12-05
340.0	2594.0	0	0.949583	12.0	0	2.0	4.0	3.0	0.4625	0.4564	0.232583	126.0	2468.0	1	2011-12-06
341.0	705.0	0	0.970417	12.0	0	3.0	4.0	3.0	0.41	0.400246	0.266175	50.0	655.0	1	2011-12-07
342.0	3322.0	0	0.58	12.0	0	4.0	4.0	1.0	0.265833	0.256938	0.240058	150.0	3172.0	1	2011-12-08
343.0	3620.0	0	0.695833	12.0	0	5.0	4.0	1.0	0.290833	0.317542	0.0827167	261.0	3359.0	1	2011-12-09
344.0	3190.0	0	0.5075	12.0	0	6.0	4.0	1.0	0.275	0.266412	0.233221	502.0	2688.0	0	2011-12-10
345.0	2743.0	0	0.49	12.0	0	0.0	4.0	1.0	0.220833	0.253154	0.0665417	377.0	2366.0	0	2011-12-11
346.0	3310.0	0	0.670833	12.0	0	1.0	4.0	1.0	0.238333	0.270196	0.06345	143.0	3167.0	1	2011-12-12
347.0	3523.0	0	0.59	12.0	0	2.0	4.0	1.0	0.2825	0.301138	0.14055	155.0	3368.0	1	2011-12-13
348.0	3740.0	0	0.66375	12.0	0	3.0	4.0	2.0	0.3175	0.338362	0.0609583	178.0	3562.0	1	2011-12-14
349.0	3709.0	0	0.634167	12.0	0	4.0	4.0	2.0	0.4225	0.412237	0.268042	181.0	3528.0	1	2011-12-15
350.0	3577.0	0	0.500417	12.0	0	5.0	4.0	2.0	0.375	0.359825	0.260575	178.0	3399.0	1	2011-12-16
351.0	2739.0	0	0.560833	12.0	0	6.0	4.0	2.0	0.258333	0.249371	0.243167	275.0	2464.0	0	2011-12-17
352.0	2431.0	0	0.58625	12.0	0	0.0	4.0	1.0	0.238333	0.245579	0.169779	220.0	2211.0	0	2011-12-18
353.0	3403.0	0	0.6375	12.0	0	1.0	4.0	1.0	0.276667	0.280933	0.172896	260.0	3143.0	1	2011-12-19
354.0	3750.0	0	0.595417	12.0	0	2.0	4.0	2.0	0.385833	0.396454	0.0615708	216.0	3534.0	1	2011-12-20
355.0	2660.0	0	0.858333	12.0	0	3.0	1.0	2.0	0.428333	0.428017	0.2214	107.0	2553.0	1	2011-12-21
356.0	3068.0	0	0.7575	12.0	0	4.0	1.0	2.0	0.423333	0.426121	0.047275	227.0	2841.0	1	2011-12-22
357.0	2209.0	0	0.68625	12.0	0	5.0	1.0	1.0	0.373333	0.377513	0.274246	163.0	2046.0	1	2011-12-23
358.0	1011.0	0	0.5425	12.0	0	6.0	1.0	1.0	0.3025	0.299242	0.190304	155.0	856.0	0	2011-12-24
359.0	754.0	0	0.681304	12.0	0	0.0	1.0	1.0	0.274783	0.279961	0.155091	303.0	451.0	0	2011-12-25
360.0	1317.0	0	0.506957	12.0	1	1.0	1.0	1.0	0.321739	0.315535	0.239465	430.0	887.0	0	2011-12-26
361.0	1162.0	0	0.7625	12.0	0	2.0	1.0	2.0	0.325	0.327633	0.18845	103.0	1059.0	1	2011-12-27
362.0	2302.0	0	0.503913	12.0	0	3.0	1.0	1.0	0.29913	0.279974	0.293961	255.0	2047.0	1	2011-12-28
363.0	2423.0	0	0.574167	12.0	0	4.0	1.0	1.0	0.248333	0.263892	0.119412	254.0	2169.0	1	2011-12-29
364.0	2999.0	0	0.636667	12.0	0	5.0	1.0	1.0	0.311667	0.318812	0.134337	491.0	2508.0	1	2011-12-30
365.0	2485.0	0	0.615833	12.0	0	6.0	1.0	1.0	0.41	0.414121	0.220154	665.0	1820.0	0	2011-12-31
366.0	2294.0	1	0.6925	1.0	0	0.0	1.0	1.0	0.37	0.375621	0.192167	686.0	1608.0	0	2012-01-01
367.0	1951.0	1	0.381304	1.0	1	1.0	1.0	1.0	0.273043	0.252304	0.329665	244.0	1707.0	0	2012-01-02
368.0	2236.0	1	0.44125	1.0	0	2.0	1.0	1.0	0.15	0.126275	0.365671	89.0	2147.0	1	2012-01-03
369.0	2368.0	1	0.414583	1.0	0	3.0	1.0	2.0	0.1075	0.119337	0.1847	95.0	2273.0	1	2012-01-04
370.0	3272.0	1	0.524167	1.0	0	4.0	1.0	1.0	0.265833	0.278412	0.129987	140.0	3132.0	1	2012-01-05
371.0	4098.0	1	0.542083	1.0	0	5.0	1.0	1.0	0.334167	0.340267	0.167908	307.0	3791.0	1	2012-01-06
372.0	4521.0	1	0.531667	1.0	0	6.0	1.0	1.0	0.393333	0.390779	0.174758	1070.0	3451.0	0	2012-01-07
373.0	3425.0	1	0.465	1.0	0	0.0	1.0	1.0	0.3375	0.340258	0.191542	599.0	2826.0	0	2012-01-08
374.0	2376.0	1	0.701667	1.0	0	1.0	1.0	2.0	0.224167	0.247479	0.0989	106.0	2270.0	1	2012-01-09
375.0	3598.0	1	0.646522	1.0	0	2.0	1.0	1.0	0.308696	0.318826	0.187552	173.0	3425.0	1	2012-01-10
376.0	2177.0	1	0.8475	1.0	0	3.0	1.0	2.0	0.274167	0.282821	0.131221	92.0	2085.0	1	2012-01-11
377.0	4097.0	1	0.802917	1.0	0	4.0	1.0	2.0	0.3825	0.381938	0.180967	269.0	3828.0	1	2012-01-12
378.0	3214.0	1	0.5075	1.0	0	5.0	1.0	1.0	0.274167	0.249362	0.378108	174.0	3040.0	1	2012-01-13
379.0	2493.0	1	0.4575	1.0	0	6.0	1.0	1.0	0.18	0.183087	0.187183	333.0	2160.0	0	2012-01-14
380.0	2311.0	1	0.419167	1.0	0	0.0	1.0	1.0	0.166667	0.161625	0.251258	284.0	2027.0	0	2012-01-15
381.0	2298.0	1	0.5225	1.0	1	1.0	1.0	1.0	0.19	0.190663	0.231358	217.0	2081.0	0	2012-01-16
382.0	2935.0	1	0.716087	1.0	0	2.0	1.0	2.0	0.373043	0.364278	0.34913	127.0	2808.0	1	2012-01-17
383.0	3376.0	1	0.443333	1.0	0	3.0	1.0	1.0	0.303333	0.275254	0.415429	109.0	3267.0	1	2012-01-18
384.0	3292.0	1	0.4975	1.0	0	4.0	1.0	1.0	0.19	0.190038	0.220158	130.0	3162.0	1	2012-01-19
385.0	3163.0	1	0.45	1.0	0	5.0	1.0	2.0	0.2175	0.220958	0.20275	115.0	3048.0	1	2012-01-20
386.0	1301.0	1	0.83125	1.0	0	6.0	1.0	2.0	0.173333	0.174875	0.222642	67.0	1234.0	0	2012-01-21
387.0	1977.0	1	0.79625	1.0	0	0.0	1.0	2.0	0.1625	0.16225	0.199638	196.0	1781.0	0	2012-01-22
388.0	2432.0	1	0.91125	1.0	0	1.0	1.0	2.0	0.218333	0.243058	0.110708	145.0	2287.0	1	2012-01-23
389.0	4339.0	1	0.835833	1.0	0	2.0	1.0	1.0	0.3425	0.349108	0.123767	439.0	3900.0	1	2012-01-24
390.0	4270.0	1	0.64375	1.0	0	3.0	1.0	1.0	0.294167	0.294821	0.161071	467.0	3803.0	1	2012-01-25
391.0	4075.0	1	0.769583	1.0	0	4.0	1.0	2.0	0.341667	0.35605	0.0733958	244.0	3831.0	1	2012-01-26
392.0	3456.0	1	0.74125	1.0	0	5.0	1.0	2.0	0.425	0.415383	0.342667	269.0	3187.0	1	2012-01-27
393.0	4023.0	1	0.543333	1.0	0	6.0	1.0	1.0	0.315833	0.326379	0.210829	775.0	3248.0	0	2012-01-28
394.0	3243.0	1	0.31125	1.0	0	0.0	1.0	1.0	0.2825	0.272721	0.24005	558.0	2685.0	0	2012-01-29
395.0	3624.0	1	0.400833	1.0	0	1.0	1.0	1.0	0.269167	0.262625	0.215792	126.0	3498.0	1	2012-01-30
396.0	4509.0	1	0.416667	1.0	0	2.0	1.0	1.0	0.39	0.381317	0.261817	324.0	4185.0	1	2012-01-31
397.0	4579.0	1	0.507917	2.0	0	3.0	1.0	1.0	0.469167	0.466538	0.189067	304.0	4275.0	1	2012-02-01
398.0	3761.0	1	0.672917	2.0	0	4.0	1.0	2.0	0.399167	0.398971	0.187187	190.0	3571.0	1	2012-02-02
399.0	4151.0	1	0.526667	2.0	0	5.0	1.0	1.0	0.313333	0.309346	0.178496	310.0	3841.0	1	2012-02-03
400.0	2832.0	1	0.779583	2.0	0	6.0	1.0	2.0	0.264167	0.272725	0.121896	384.0	2448.0	0	2012-02-04
401.0	2947.0	1	0.687917	2.0	0	0.0	1.0	2.0	0.265833	0.264521	0.175996	318.0	2629.0	0	2012-02-05
402.0	3784.0	1	0.622174	2.0	0	1.0	1.0	1.0	0.282609	0.296426	0.1538	206.0	3578.0	1	2012-02-06
403.0	4375.0	1	0.49625	2.0	0	2.0	1.0	1.0	0.354167	0.361104	0.147379	199.0	4176.0	1	2012-02-07
404.0	2802.0	1	0.722917	2.0	0	3.0	1.0	2.0	0.256667	0.266421	0.133721	109.0	2693.0	1	2012-02-08
405.0	3830.0	1	0.562083	2.0	0	4.0	1.0	1.0	0.265	0.261988	0.194037	163.0	3667.0	1	2012-02-09
406.0	3831.0	1	0.54	2.0	0	5.0	1.0	2.0	0.280833	0.293558	0.116929	227.0	3604.0	1	2012-02-10
407.0	2169.0	1	0.73125	2.0	0	6.0	1.0	3.0	0.224167	0.210867	0.289796	192.0	1977.0	0	2012-02-11
408.0	1529.0	1	0.464583	2.0	0	0.0	1.0	1.0	0.1275	0.101658	0.409212	73.0	1456.0	0	2012-02-12
409.0	3422.0	1	0.41125	2.0	0	1.0	1.0	1.0	0.2225	0.227913	0.167283	94.0	3328.0	1	2012-02-13
410.0	3922.0	1	0.50875	2.0	0	2.0	1.0	2.0	0.319167	0.333946	0.141179	135.0	3787.0	1	2012-02-14
411.0	4169.0	1	0.53125	2.0	0	3.0	1.0	1.0	0.348333	0.351629	0.1816	141.0	4028.0	1	2012-02-15
412.0	3005.0	1	0.752917	2.0	0	4.0	1.0	2.0	0.316667	0.330162	0.091425	74.0	2931.0	1	2012-02-16
413.0	4154.0	1	0.634583	2.0	0	5.0	1.0	1.0	0.343333	0.351629	0.205846	349.0	3805.0	1	2012-02-17
414.0	4318.0	1	0.534583	2.0	0	6.0	1.0	1.0	0.346667	0.355425	0.190929	1435.0	2883.0	0	2012-02-18
415.0	2689.0	1	0.515833	2.0	0	0.0	1.0	2.0	0.28	0.265788	0.253112	618.0	2071.0	0	2012-02-19
416.0	3129.0	1	0.507826	2.0	1	1.0	1.0	1.0	0.28	0.273391	0.229083	502.0	2627.0	0	2012-02-20
417.0	3777.0	1	0.594348	2.0	0	2.0	1.0	1.0	0.287826	0.295113	0.205717	163.0	3614.0	1	2012-02-21
418.0	4773.0	1	0.567917	2.0	0	3.0	1.0	1.0	0.395833	0.392667	0.234471	394.0	4379.0	1	2012-02-22
419.0	5062.0	1	0.554583	2.0	0	4.0	1.0	1.0	0.454167	0.444446	0.190913	516.0	4546.0	1	2012-02-23
420.0	3487.0	1	0.7375	2.0	0	5.0	1.0	2.0	0.4075	0.410971	0.237567	246.0	3241.0	1	2012-02-24
421.0	2732.0	1	0.395833	2.0	0	6.0	1.0	1.0	0.290833	0.255675	0.421642	317.0	2415.0	0	2012-02-25
422.0	3389.0	1	0.41	2.0	0	0.0	1.0	1.0	0.279167	0.268308	0.205229	515.0	2874.0	0	2012-02-26
423.0	4322.0	1	0.490833	2.0	0	1.0	1.0	1.0	0.366667	0.357954	0.268033	253.0	4069.0	1	2012-02-27
424.0	4363.0	1	0.395833	2.0	0	2.0	1.0	1.0	0.359167	0.353525	0.193417	229.0	4134.0	1	2012-02-28
425.0	1834.0	1	0.804783	2.0	0	3.0	1.0	2.0	0.344348	0.34847	0.179117	65.0	1769.0	1	2012-02-29
426.0	4990.0	1	0.615417	3.0	0	4.0	1.0	1.0	0.485833	0.475371	0.226987	325.0	4665.0	1	2012-03-01
427.0	3194.0	1	0.657083	3.0	0	5.0	1.0	2.0	0.353333	0.359842	0.144904	246.0	2948.0	1	2012-03-02
428.0	4066.0	1	0.62125	3.0	0	6.0	1.0	2.0	0.414167	0.413492	0.161079	956.0	3110.0	0	2012-03-03
429.0	3423.0	1	0.403333	3.0	0	0.0	1.0	1.0	0.325833	0.303021	0.334571	710.0	2713.0	0	2012-03-04
430.0	3333.0	1	0.50625	3.0	0	1.0	1.0	1.0	0.243333	0.241171	0.228858	203.0	3130.0	1	2012-03-05
431.0	3956.0	1	0.456667	3.0	0	2.0	1.0	1.0	0.258333	0.255042	0.200875	221.0	3735.0	1	2012-03-06
432.0	4916.0	1	0.513333	3.0	0	3.0	1.0	1.0	0.404167	0.3851	0.345779	432.0	4484.0	1	2012-03-07
433.0	5382.0	1	0.5675	3.0	0	4.0	1.0	1.0	0.5275	0.524604	0.441563	486.0	4896.0	1	2012-03-08
434.0	4569.0	1	0.407083	3.0	0	5.0	1.0	2.0	0.410833	0.397083	0.4148	447.0	4122.0	1	2012-03-09
435.0	4118.0	1	0.350417	3.0	0	6.0	1.0	1.0	0.2875	0.277767	0.22575	968.0	3150.0	0	2012-03-10
436.0	4911.0	1	0.476957	3.0	0	0.0	1.0	1.0	0.361739	0.35967	0.222587	1658.0	3253.0	0	2012-03-11
437.0	5298.0	1	0.489167	3.0	0	1.0	1.0	1.0	0.466667	0.459592	0.207713	838.0	4460.0	1	2012-03-12
438.0	5847.0	1	0.6175	3.0	0	2.0	1.0	1.0	0.565	0.542929	0.23695	762.0	5085.0	1	2012-03-13
439.0	6312.0	1	0.507083	3.0	0	3.0	1.0	1.0	0.5725	0.548617	0.115062	997.0	5315.0	1	2012-03-14
440.0	6192.0	1	0.579583	3.0	0	4.0	1.0	1.0	0.5575	0.532825	0.149883	1005.0	5187.0	1	2012-03-15
441.0	4378.0	1	0.842083	3.0	0	5.0	1.0	2.0	0.435833	0.436229	0.113192	548.0	3830.0	1	2012-03-16
442.0	7836.0	1	0.755833	3.0	0	6.0	1.0	2.0	0.514167	0.505046	0.110704	3155.0	4681.0	0	2012-03-17
443.0	5892.0	1	0.81	3.0	0	0.0	1.0	2.0	0.4725	0.464	0.126883	2207.0	3685.0	0	2012-03-18
444.0	6153.0	1	0.72875	3.0	0	1.0	1.0	1.0	0.545	0.532821	0.162317	982.0	5171.0	1	2012-03-19
445.0	6093.0	1	0.807917	3.0	0	2.0	1.0	1.0	0.560833	0.538533	0.121271	1051.0	5042.0	1	2012-03-20
446.0	6230.0	1	0.82125	3.0	0	3.0	2.0	2.0	0.531667	0.513258	0.0895583	1122.0	5108.0	1	2012-03-21
447.0	6871.0	1	0.83125	3.0	0	4.0	2.0	1.0	0.554167	0.531567	0.117562	1334.0	5537.0	1	2012-03-22
448.0	8362.0	1	0.694167	3.0	0	5.0	2.0	2.0	0.601667	0.570067	0.1163	2469.0	5893.0	1	2012-03-23
449.0	3372.0	1	0.885417	3.0	0	6.0	2.0	2.0	0.5025	0.486733	0.192783	1033.0	2339.0	0	2012-03-24
450.0	4996.0	1	0.880833	3.0	0	0.0	2.0	2.0	0.4375	0.437488	0.220775	1532.0	3464.0	0	2012-03-25
451.0	5558.0	1	0.477917	3.0	0	1.0	2.0	1.0	0.445833	0.43875	0.386821	795.0	4763.0	1	2012-03-26
452.0	5102.0	1	0.29	3.0	0	2.0	2.0	1.0	0.323333	0.315654	0.187192	531.0	4571.0	1	2012-03-27
453.0	5698.0	1	0.48125	3.0	0	3.0	2.0	1.0	0.484167	0.47095	0.291671	674.0	5024.0	1	2012-03-28
454.0	6133.0	1	0.439167	3.0	0	4.0	2.0	1.0	0.494167	0.482304	0.31965	834.0	5299.0	1	2012-03-29
455.0	5459.0	1	0.580833	3.0	0	5.0	2.0	2.0	0.37	0.375621	0.138067	796.0	4663.0	1	2012-03-30
456.0	6235.0	1	0.738333	3.0	0	6.0	2.0	2.0	0.424167	0.421708	0.250617	2301.0	3934.0	0	2012-03-31
457.0	6041.0	1	0.67625	4.0	0	0.0	2.0	2.0	0.425833	0.417287	0.172267	2347.0	3694.0	0	2012-04-01
458.0	5936.0	1	0.504348	4.0	0	1.0	2.0	1.0	0.433913	0.427513	0.312139	1208.0	4728.0	1	2012-04-02
459.0	6772.0	1	0.396667	4.0	0	2.0	2.0	1.0	0.466667	0.461483	0.100133	1348.0	5424.0	1	2012-04-03
460.0	6436.0	1	0.469583	4.0	0	3.0	2.0	1.0	0.541667	0.53345	0.180975	1058.0	5378.0	1	2012-04-04
461.0	6457.0	1	0.374167	4.0	0	4.0	2.0	1.0	0.435	0.431163	0.219529	1192.0	5265.0	1	2012-04-05
462.0	6460.0	1	0.377083	4.0	0	5.0	2.0	1.0	0.403333	0.390767	0.300388	1807.0	4653.0	1	2012-04-06
463.0	6857.0	1	0.254167	4.0	0	6.0	2.0	1.0	0.4375	0.426129	0.274871	3252.0	3605.0	0	2012-04-07
464.0	5169.0	1	0.275833	4.0	0	0.0	2.0	1.0	0.5	0.492425	0.232596	2230.0	2939.0	0	2012-04-08
465.0	5585.0	1	0.3175	4.0	0	1.0	2.0	1.0	0.489167	0.476638	0.358196	905.0	4680.0	1	2012-04-09
466.0	5918.0	1	0.435	4.0	0	2.0	2.0	1.0	0.446667	0.436233	0.249375	819.0	5099.0	1	2012-04-10
467.0	4862.0	1	0.469565	4.0	0	3.0	2.0	1.0	0.348696	0.337274	0.295274	482.0	4380.0	1	2012-04-11
468.0	5409.0	1	0.46625	4.0	0	4.0	2.0	1.0	0.3975	0.387604	0.290429	663.0	4746.0	1	2012-04-12
469.0	6398.0	1	0.408333	4.0	0	5.0	2.0	1.0	0.4425	0.431808	0.155471	1252.0	5146.0	1	2012-04-13
470.0	7460.0	1	0.502917	4.0	0	6.0	2.0	1.0	0.495	0.487996	0.190917	2795.0	4665.0	0	2012-04-14
471.0	7132.0	1	0.507917	4.0	0	0.0	2.0	1.0	0.606667	0.573875	0.225129	2846.0	4286.0	0	2012-04-15
472.0	6370.0	1	0.561667	4.0	1	1.0	2.0	1.0	0.664167	0.614925	0.284829	1198.0	5172.0	0	2012-04-16
473.0	6691.0	1	0.390417	4.0	0	2.0	2.0	1.0	0.608333	0.598487	0.273629	989.0	5702.0	1	2012-04-17
474.0	4367.0	1	0.569167	4.0	0	3.0	2.0	2.0	0.463333	0.457038	0.167912	347.0	4020.0	1	2012-04-18
475.0	6565.0	1	0.6125	4.0	0	4.0	2.0	1.0	0.498333	0.493046	0.0659292	846.0	5719.0	1	2012-04-19
476.0	7290.0	1	0.694583	4.0	0	5.0	2.0	1.0	0.526667	0.515775	0.149871	1340.0	5950.0	1	2012-04-20
477.0	6624.0	1	0.682917	4.0	0	6.0	2.0	1.0	0.57	0.542921	0.283587	2541.0	4083.0	0	2012-04-21
478.0	1027.0	1	0.835417	4.0	0	0.0	2.0	3.0	0.396667	0.389504	0.344546	120.0	907.0	0	2012-04-22
479.0	3214.0	1	0.766667	4.0	0	1.0	2.0	2.0	0.321667	0.301125	0.303496	195.0	3019.0	1	2012-04-23
480.0	5633.0	1	0.454167	4.0	0	2.0	2.0	1.0	0.413333	0.405283	0.249383	518.0	5115.0	1	2012-04-24
481.0	6196.0	1	0.427917	4.0	0	3.0	2.0	1.0	0.476667	0.470317	0.118792	655.0	5541.0	1	2012-04-25
482.0	5026.0	1	0.756667	4.0	0	4.0	2.0	2.0	0.498333	0.483583	0.176625	475.0	4551.0	1	2012-04-26
483.0	6233.0	1	0.400833	4.0	0	5.0	2.0	1.0	0.4575	0.452637	0.347633	1014.0	5219.0	1	2012-04-27
484.0	4220.0	1	0.489583	4.0	0	6.0	2.0	2.0	0.376667	0.377504	0.129975	1120.0	3100.0	0	2012-04-28
485.0	6304.0	1	0.587083	4.0	0	0.0	2.0	1.0	0.458333	0.450121	0.116908	2229.0	4075.0	0	2012-04-29
486.0	5572.0	1	0.57	4.0	0	1.0	2.0	2.0	0.464167	0.457696	0.171638	665.0	4907.0	1	2012-04-30
487.0	5740.0	1	0.659583	5.0	0	2.0	2.0	2.0	0.613333	0.577021	0.156096	653.0	5087.0	1	2012-05-01
488.0	6169.0	1	0.797083	5.0	0	3.0	2.0	1.0	0.564167	0.537896	0.138058	667.0	5502.0	1	2012-05-02
489.0	6421.0	1	0.768333	5.0	0	4.0	2.0	2.0	0.56	0.537242	0.133696	764.0	5657.0	1	2012-05-03
490.0	6296.0	1	0.735417	5.0	0	5.0	2.0	1.0	0.6275	0.590917	0.162938	1069.0	5227.0	1	2012-05-04
491.0	6883.0	1	0.756667	5.0	0	6.0	2.0	2.0	0.621667	0.584608	0.152992	2496.0	4387.0	0	2012-05-05
492.0	6359.0	1	0.74	5.0	0	0.0	2.0	2.0	0.5625	0.546737	0.149879	2135.0	4224.0	0	2012-05-06
493.0	6273.0	1	0.664167	5.0	0	1.0	2.0	2.0	0.5375	0.527142	0.230721	1008.0	5265.0	1	2012-05-07
494.0	5728.0	1	0.685833	5.0	0	2.0	2.0	2.0	0.581667	0.557471	0.296029	738.0	4990.0	1	2012-05-08
495.0	4717.0	1	0.744167	5.0	0	3.0	2.0	2.0	0.575	0.553025	0.216412	620.0	4097.0	1	2012-05-09
496.0	6572.0	1	0.552083	5.0	0	4.0	2.0	1.0	0.505833	0.491783	0.314063	1026.0	5546.0	1	2012-05-10
497.0	7030.0	1	0.360417	5.0	0	5.0	2.0	1.0	0.533333	0.520833	0.236937	1319.0	5711.0	1	2012-05-11
498.0	7429.0	1	0.480417	5.0	0	6.0	2.0	1.0	0.564167	0.544817	0.123133	2622.0	4807.0	0	2012-05-12
499.0	6118.0	1	0.57625	5.0	0	0.0	2.0	1.0	0.6125	0.585238	0.225117	2172.0	3946.0	0	2012-05-13
500.0	2843.0	1	0.789583	5.0	0	1.0	2.0	2.0	0.573333	0.5499	0.212692	342.0	2501.0	1	2012-05-14
501.0	5115.0	1	0.794583	5.0	0	2.0	2.0	2.0	0.611667	0.576404	0.147392	625.0	4490.0	1	2012-05-15
502.0	7424.0	1	0.697917	5.0	0	3.0	2.0	1.0	0.636667	0.595975	0.122512	991.0	6433.0	1	2012-05-16
503.0	7384.0	1	0.52	5.0	0	4.0	2.0	1.0	0.593333	0.572613	0.229475	1242.0	6142.0	1	2012-05-17
504.0	7639.0	1	0.523333	5.0	0	5.0	2.0	1.0	0.564167	0.551121	0.136817	1521.0	6118.0	1	2012-05-18
505.0	8294.0	1	0.45625	5.0	0	6.0	2.0	1.0	0.6	0.566908	0.083975	3410.0	4884.0	0	2012-05-19
506.0	7129.0	1	0.530417	5.0	0	0.0	2.0	1.0	0.620833	0.583967	0.254367	2704.0	4425.0	0	2012-05-20
507.0	4359.0	1	0.81125	5.0	0	1.0	2.0	2.0	0.598333	0.565667	0.233204	630.0	3729.0	1	2012-05-21
508.0	6073.0	1	0.765833	5.0	0	2.0	2.0	2.0	0.615	0.580825	0.118167	819.0	5254.0	1	2012-05-22
509.0	5260.0	1	0.774583	5.0	0	3.0	2.0	2.0	0.621667	0.584612	0.102	766.0	4494.0	1	2012-05-23
510.0	6770.0	1	0.716667	5.0	0	4.0	2.0	1.0	0.655	0.6067	0.172896	1059.0	5711.0	1	2012-05-24
511.0	6734.0	1	0.747083	5.0	0	5.0	2.0	1.0	0.68	0.627529	0.14055	1417.0	5317.0	1	2012-05-25
512.0	6536.0	1	0.7325	5.0	0	6.0	2.0	1.0	0.6925	0.642696	0.198992	2855.0	3681.0	0	2012-05-26
513.0	6591.0	1	0.697083	5.0	0	0.0	2.0	1.0	0.69	0.641425	0.215171	3283.0	3308.0	0	2012-05-27
514.0	6043.0	1	0.67625	5.0	1	1.0	2.0	1.0	0.7125	0.6793	0.196521	2557.0	3486.0	0	2012-05-28
515.0	5743.0	1	0.684583	5.0	0	2.0	2.0	1.0	0.7225	0.672992	0.2954	880.0	4863.0	1	2012-05-29
516.0	6855.0	1	0.67	5.0	0	3.0	2.0	2.0	0.656667	0.611129	0.134329	745.0	6110.0	1	2012-05-30
517.0	7338.0	1	0.492917	5.0	0	4.0	2.0	1.0	0.68	0.631329	0.195279	1100.0	6238.0	1	2012-05-31
518.0	4127.0	1	0.755417	6.0	0	5.0	2.0	2.0	0.654167	0.607962	0.237563	533.0	3594.0	1	2012-06-01
519.0	8120.0	1	0.549167	6.0	0	6.0	2.0	1.0	0.583333	0.566288	0.186562	2795.0	5325.0	0	2012-06-02
520.0	7641.0	1	0.493333	6.0	0	0.0	2.0	1.0	0.6025	0.575133	0.184087	2494.0	5147.0	0	2012-06-03
521.0	6998.0	1	0.487083	6.0	0	1.0	2.0	1.0	0.5975	0.578283	0.284833	1071.0	5927.0	1	2012-06-04
522.0	7001.0	1	0.613333	6.0	0	2.0	2.0	2.0	0.540833	0.525892	0.209575	968.0	6033.0	1	2012-06-05
523.0	7055.0	1	0.61125	6.0	0	3.0	2.0	1.0	0.554167	0.542292	0.077125	1027.0	6028.0	1	2012-06-06
524.0	7494.0	1	0.567083	6.0	0	4.0	2.0	1.0	0.6025	0.569442	0.15735	1038.0	6456.0	1	2012-06-07
525.0	7736.0	1	0.467917	6.0	0	5.0	2.0	1.0	0.649167	0.597862	0.175383	1488.0	6248.0	1	2012-06-08
526.0	7498.0	1	0.437083	6.0	0	6.0	2.0	1.0	0.710833	0.648367	0.144287	2708.0	4790.0	0	2012-06-09
527.0	6598.0	1	0.538333	6.0	0	0.0	2.0	1.0	0.726667	0.663517	0.133721	2224.0	4374.0	0	2012-06-10
528.0	6664.0	1	0.587917	6.0	0	1.0	2.0	2.0	0.720833	0.659721	0.207713	1017.0	5647.0	1	2012-06-11
529.0	4972.0	1	0.833333	6.0	0	2.0	2.0	2.0	0.653333	0.597875	0.214546	477.0	4495.0	1	2012-06-12
530.0	7421.0	1	0.582083	6.0	0	3.0	2.0	1.0	0.655833	0.611117	0.343279	1173.0	6248.0	1	2012-06-13
531.0	7363.0	1	0.569583	6.0	0	4.0	2.0	1.0	0.648333	0.624383	0.253733	1180.0	6183.0	1	2012-06-14
532.0	7665.0	1	0.589583	6.0	0	5.0	2.0	1.0	0.639167	0.599754	0.176617	1563.0	6102.0	1	2012-06-15
533.0	7702.0	1	0.504167	6.0	0	6.0	2.0	1.0	0.631667	0.594708	0.166667	2963.0	4739.0	0	2012-06-16
534.0	6978.0	1	0.59875	6.0	0	0.0	2.0	1.0	0.5925	0.571975	0.144904	2634.0	4344.0	0	2012-06-17
535.0	5099.0	1	0.777917	6.0	0	1.0	2.0	2.0	0.568333	0.544842	0.174746	653.0	4446.0	1	2012-06-18
536.0	6825.0	1	0.69	6.0	0	2.0	2.0	1.0	0.688333	0.654692	0.148017	968.0	5857.0	1	2012-06-19
537.0	6211.0	1	0.592083	6.0	0	3.0	2.0	1.0	0.7825	0.720975	0.113812	872.0	5339.0	1	2012-06-20
538.0	5905.0	1	0.567917	6.0	0	4.0	3.0	1.0	0.805833	0.752542	0.118787	778.0	5127.0	1	2012-06-21
539.0	5823.0	1	0.57375	6.0	0	5.0	3.0	1.0	0.7775	0.724121	0.182842	964.0	4859.0	1	2012-06-22
540.0	7458.0	1	0.534583	6.0	0	6.0	3.0	1.0	0.731667	0.652792	0.179721	2657.0	4801.0	0	2012-06-23
541.0	6891.0	1	0.479167	6.0	0	0.0	3.0	1.0	0.743333	0.674254	0.145525	2551.0	4340.0	0	2012-06-24
542.0	6779.0	1	0.504167	6.0	0	1.0	3.0	1.0	0.715833	0.654042	0.300383	1139.0	5640.0	1	2012-06-25
543.0	7442.0	1	0.373333	6.0	0	2.0	3.0	1.0	0.630833	0.594704	0.347642	1077.0	6365.0	1	2012-06-26
544.0	7335.0	1	0.36	6.0	0	3.0	3.0	1.0	0.6975	0.640792	0.271775	1077.0	6258.0	1	2012-06-27
545.0	6879.0	1	0.4225	6.0	0	4.0	3.0	1.0	0.749167	0.675512	0.17165	921.0	5958.0	1	2012-06-28
546.0	5463.0	1	0.48875	6.0	0	5.0	3.0	1.0	0.834167	0.786613	0.165417	829.0	4634.0	1	2012-06-29
547.0	5687.0	1	0.60125	6.0	0	6.0	3.0	1.0	0.765	0.687508	0.161071	1455.0	4232.0	0	2012-06-30
548.0	5531.0	1	0.51875	7.0	0	0.0	3.0	1.0	0.815833	0.750629	0.168529	1421.0	4110.0	0	2012-07-01
549.0	6227.0	1	0.447083	7.0	0	1.0	3.0	1.0	0.781667	0.702038	0.195267	904.0	5323.0	1	2012-07-02
550.0	6660.0	1	0.492083	7.0	0	2.0	3.0	1.0	0.780833	0.70265	0.126237	1052.0	5608.0	1	2012-07-03
551.0	7403.0	1	0.53875	7.0	1	3.0	3.0	1.0	0.789167	0.732337	0.13495	2562.0	4841.0	0	2012-07-04
552.0	6241.0	1	0.457917	7.0	0	4.0	3.0	1.0	0.8275	0.761367	0.194029	1405.0	4836.0	1	2012-07-05
553.0	6207.0	1	0.450833	7.0	0	5.0	3.0	1.0	0.828333	0.752533	0.146142	1366.0	4841.0	1	2012-07-06
554.0	4840.0	1	0.492083	7.0	0	6.0	3.0	1.0	0.861667	0.804913	0.163554	1448.0	3392.0	0	2012-07-07
555.0	4672.0	1	0.57375	7.0	0	0.0	3.0	1.0	0.8225	0.790396	0.125629	1203.0	3469.0	0	2012-07-08
556.0	6569.0	1	0.683333	7.0	0	1.0	3.0	2.0	0.710833	0.654054	0.180975	998.0	5571.0	1	2012-07-09
557.0	6290.0	1	0.6675	7.0	0	2.0	3.0	2.0	0.720833	0.664796	0.151737	954.0	5336.0	1	2012-07-10
558.0	7264.0	1	0.633333	7.0	0	3.0	3.0	1.0	0.716667	0.650271	0.151733	975.0	6289.0	1	2012-07-11
559.0	7446.0	1	0.529583	7.0	0	4.0	3.0	1.0	0.715833	0.654683	0.146775	1032.0	6414.0	1	2012-07-12
560.0	7499.0	1	0.485833	7.0	0	5.0	3.0	2.0	0.731667	0.667933	0.08085	1511.0	5988.0	1	2012-07-13
561.0	6969.0	1	0.699167	7.0	0	6.0	3.0	2.0	0.703333	0.666042	0.143679	2355.0	4614.0	0	2012-07-14
562.0	6031.0	1	0.717917	7.0	0	0.0	3.0	1.0	0.745833	0.705196	0.166667	1920.0	4111.0	0	2012-07-15
563.0	6830.0	1	0.645	7.0	0	1.0	3.0	1.0	0.763333	0.724125	0.164187	1088.0	5742.0	1	2012-07-16
564.0	6786.0	1	0.505833	7.0	0	2.0	3.0	1.0	0.818333	0.755683	0.114429	921.0	5865.0	1	2012-07-17
565.0	5713.0	1	0.577083	7.0	0	3.0	3.0	1.0	0.793333	0.745583	0.137442	799.0	4914.0	1	2012-07-18
566.0	6591.0	1	0.600417	7.0	0	4.0	3.0	1.0	0.77	0.714642	0.165429	888.0	5703.0	1	2012-07-19
567.0	5870.0	1	0.844167	7.0	0	5.0	3.0	2.0	0.665833	0.613025	0.208967	747.0	5123.0	1	2012-07-20
568.0	4459.0	1	0.865417	7.0	0	6.0	3.0	3.0	0.595833	0.549912	0.2133	1264.0	3195.0	0	2012-07-21
569.0	7410.0	1	0.7625	7.0	0	0.0	3.0	2.0	0.6675	0.623125	0.0939208	2544.0	4866.0	0	2012-07-22
570.0	6966.0	1	0.694167	7.0	0	1.0	3.0	1.0	0.741667	0.690017	0.138683	1135.0	5831.0	1	2012-07-23
571.0	7592.0	1	0.655	7.0	0	2.0	3.0	1.0	0.750833	0.70645	0.211454	1140.0	6452.0	1	2012-07-24
572.0	8173.0	1	0.45	7.0	0	3.0	3.0	1.0	0.724167	0.654054	0.1648	1383.0	6790.0	1	2012-07-25
573.0	6861.0	1	0.596667	7.0	0	4.0	3.0	1.0	0.776667	0.739263	0.284813	1036.0	5825.0	1	2012-07-26
574.0	6904.0	1	0.594583	7.0	0	5.0	3.0	1.0	0.781667	0.734217	0.152992	1259.0	5645.0	1	2012-07-27
575.0	6685.0	1	0.613333	7.0	0	6.0	3.0	1.0	0.755833	0.697604	0.15735	2234.0	4451.0	0	2012-07-28
576.0	6597.0	1	0.62375	7.0	0	0.0	3.0	1.0	0.721667	0.667933	0.170396	2153.0	4444.0	0	2012-07-29
577.0	7105.0	1	0.66875	7.0	0	1.0	3.0	1.0	0.730833	0.684987	0.153617	1040.0	6065.0	1	2012-07-30
578.0	7216.0	1	0.704167	7.0	0	2.0	3.0	1.0	0.713333	0.662896	0.165425	968.0	6248.0	1	2012-07-31
579.0	7580.0	1	0.6775	8.0	0	3.0	3.0	1.0	0.7175	0.667308	0.141179	1074.0	6506.0	1	2012-08-01
580.0	7261.0	1	0.659583	8.0	0	4.0	3.0	1.0	0.7525	0.707088	0.129354	983.0	6278.0	1	2012-08-02
581.0	7175.0	1	0.6425	8.0	0	5.0	3.0	2.0	0.765833	0.722867	0.215792	1328.0	5847.0	1	2012-08-03
582.0	6824.0	1	0.613333	8.0	0	6.0	3.0	1.0	0.793333	0.751267	0.257458	2345.0	4479.0	0	2012-08-04
583.0	5464.0	1	0.6525	8.0	0	0.0	3.0	1.0	0.769167	0.731079	0.290421	1707.0	3757.0	0	2012-08-05
584.0	7013.0	1	0.654167	8.0	0	1.0	3.0	2.0	0.7525	0.710246	0.129354	1233.0	5780.0	1	2012-08-06
585.0	7273.0	1	0.70375	8.0	0	2.0	3.0	2.0	0.735833	0.697621	0.116908	1278.0	5995.0	1	2012-08-07
586.0	7534.0	1	0.672917	8.0	0	3.0	3.0	2.0	0.75	0.707717	0.1107	1263.0	6271.0	1	2012-08-08
587.0	7286.0	1	0.620417	8.0	0	4.0	3.0	1.0	0.755833	0.699508	0.1561	1196.0	6090.0	1	2012-08-09
588.0	5786.0	1	0.715833	8.0	0	5.0	3.0	2.0	0.715833	0.667942	0.238813	1065.0	4721.0	1	2012-08-10
589.0	6299.0	1	0.732917	8.0	0	6.0	3.0	2.0	0.6925	0.638267	0.206479	2247.0	4052.0	0	2012-08-11
590.0	6544.0	1	0.530417	8.0	0	0.0	3.0	1.0	0.700833	0.644579	0.122512	2182.0	4362.0	0	2012-08-12
591.0	6883.0	1	0.545417	8.0	0	1.0	3.0	1.0	0.720833	0.662254	0.136212	1207.0	5676.0	1	2012-08-13
592.0	6784.0	1	0.686667	8.0	0	2.0	3.0	1.0	0.726667	0.676779	0.169158	1128.0	5656.0	1	2012-08-14
593.0	7347.0	1	0.619583	8.0	0	3.0	3.0	1.0	0.706667	0.654037	0.169771	1198.0	6149.0	1	2012-08-15
594.0	7605.0	1	0.519167	8.0	0	4.0	3.0	1.0	0.719167	0.654688	0.141796	1338.0	6267.0	1	2012-08-16
595.0	7148.0	1	0.570833	8.0	0	5.0	3.0	1.0	0.723333	0.2424	0.231354	1483.0	5665.0	1	2012-08-17
596.0	7865.0	1	0.603333	8.0	0	6.0	3.0	1.0	0.678333	0.618071	0.177867	2827.0	5038.0	0	2012-08-18
597.0	4549.0	1	0.711667	8.0	0	0.0	3.0	2.0	0.635833	0.603554	0.08645	1208.0	3341.0	0	2012-08-19
598.0	6530.0	1	0.734167	8.0	0	1.0	3.0	2.0	0.635833	0.595967	0.129979	1026.0	5504.0	1	2012-08-20
599.0	7006.0	1	0.67375	8.0	0	2.0	3.0	1.0	0.649167	0.601025	0.0727708	1081.0	5925.0	1	2012-08-21
600.0	7375.0	1	0.677083	8.0	0	3.0	3.0	1.0	0.6675	0.621854	0.0702833	1094.0	6281.0	1	2012-08-22
601.0	7765.0	1	0.635833	8.0	0	4.0	3.0	1.0	0.695833	0.637008	0.0845958	1363.0	6402.0	1	2012-08-23
602.0	7582.0	1	0.615	8.0	0	5.0	3.0	2.0	0.7025	0.6471	0.0721458	1325.0	6257.0	1	2012-08-24
603.0	6053.0	1	0.712917	8.0	0	6.0	3.0	2.0	0.661667	0.618696	0.244408	1829.0	4224.0	0	2012-08-25
604.0	5255.0	1	0.845833	8.0	0	0.0	3.0	2.0	0.653333	0.595996	0.228858	1483.0	3772.0	0	2012-08-26
605.0	6917.0	1	0.730417	8.0	0	1.0	3.0	1.0	0.703333	0.654688	0.128733	989.0	5928.0	1	2012-08-27
606.0	7040.0	1	0.62	8.0	0	2.0	3.0	1.0	0.728333	0.66605	0.190925	935.0	6105.0	1	2012-08-28
607.0	7697.0	1	0.552083	8.0	0	3.0	3.0	1.0	0.685	0.635733	0.112562	1177.0	6520.0	1	2012-08-29
608.0	7713.0	1	0.590417	8.0	0	4.0	3.0	1.0	0.706667	0.652779	0.0771167	1172.0	6541.0	1	2012-08-30
609.0	7350.0	1	0.5875	8.0	0	5.0	3.0	1.0	0.764167	0.6894	0.168533	1433.0	5917.0	1	2012-08-31
610.0	6140.0	1	0.638333	9.0	0	6.0	3.0	2.0	0.753333	0.702654	0.113187	2352.0	3788.0	0	2012-09-01
611.0	5810.0	1	0.815	9.0	0	0.0	3.0	2.0	0.696667	0.649	0.0640708	2613.0	3197.0	0	2012-09-02
612.0	6034.0	1	0.790833	9.0	1	1.0	3.0	1.0	0.7075	0.661629	0.151121	1965.0	4069.0	0	2012-09-03
613.0	6864.0	1	0.755	9.0	0	2.0	3.0	1.0	0.725833	0.686888	0.236321	867.0	5997.0	1	2012-09-04
614.0	7112.0	1	0.74125	9.0	0	3.0	3.0	1.0	0.736667	0.708983	0.187808	832.0	6280.0	1	2012-09-05
615.0	6203.0	1	0.810417	9.0	0	4.0	3.0	2.0	0.696667	0.655329	0.142421	611.0	5592.0	1	2012-09-06
616.0	7504.0	1	0.73625	9.0	0	5.0	3.0	1.0	0.703333	0.657204	0.171646	1045.0	6459.0	1	2012-09-07
617.0	5976.0	1	0.799167	9.0	0	6.0	3.0	2.0	0.659167	0.611121	0.281104	1557.0	4419.0	0	2012-09-08
618.0	8227.0	1	0.5475	9.0	0	0.0	3.0	1.0	0.61	0.578925	0.224496	2570.0	5657.0	0	2012-09-09
619.0	7525.0	1	0.50375	9.0	0	1.0	3.0	1.0	0.583333	0.565654	0.258713	1118.0	6407.0	1	2012-09-10
620.0	7767.0	1	0.52	9.0	0	2.0	3.0	1.0	0.5775	0.554292	0.0920542	1070.0	6697.0	1	2012-09-11
621.0	7870.0	1	0.577083	9.0	0	3.0	3.0	1.0	0.599167	0.570075	0.131846	1050.0	6820.0	1	2012-09-12
622.0	7804.0	1	0.637083	9.0	0	4.0	3.0	1.0	0.6125	0.579558	0.0827208	1054.0	6750.0	1	2012-09-13
623.0	8009.0	1	0.6725	9.0	0	5.0	3.0	1.0	0.633333	0.594083	0.103863	1379.0	6630.0	1	2012-09-14
624.0	8714.0	1	0.501667	9.0	0	6.0	3.0	1.0	0.608333	0.585867	0.247521	3160.0	5554.0	0	2012-09-15
625.0	7333.0	1	0.57	9.0	0	0.0	3.0	1.0	0.58	0.563125	0.0901833	2166.0	5167.0	0	2012-09-16
626.0	6869.0	1	0.734583	9.0	0	1.0	3.0	2.0	0.580833	0.55305	0.151742	1022.0	5847.0	1	2012-09-17
627.0	4073.0	1	0.8725	9.0	0	2.0	3.0	2.0	0.623333	0.565067	0.357587	371.0	3702.0	1	2012-09-18
628.0	7591.0	1	0.536667	9.0	0	3.0	3.0	1.0	0.5525	0.540404	0.215175	788.0	6803.0	1	2012-09-19
629.0	7720.0	1	0.618333	9.0	0	4.0	3.0	1.0	0.546667	0.532192	0.118167	939.0	6781.0	1	2012-09-20
630.0	8167.0	1	0.66875	9.0	0	5.0	3.0	1.0	0.599167	0.571971	0.154229	1250.0	6917.0	1	2012-09-21
631.0	8395.0	1	0.646667	9.0	0	6.0	3.0	1.0	0.65	0.610488	0.283583	2512.0	5883.0	0	2012-09-22
632.0	7907.0	1	0.467083	9.0	0	0.0	4.0	1.0	0.529167	0.518933	0.223258	2454.0	5453.0	0	2012-09-23
633.0	7436.0	1	0.492917	9.0	0	1.0	4.0	1.0	0.514167	0.502513	0.142404	1001.0	6435.0	1	2012-09-24
634.0	7538.0	1	0.57	9.0	0	2.0	4.0	1.0	0.55	0.544179	0.236321	845.0	6693.0	1	2012-09-25
635.0	7733.0	1	0.630833	9.0	0	3.0	4.0	1.0	0.635	0.596613	0.2444	787.0	6946.0	1	2012-09-26
636.0	7393.0	1	0.690833	9.0	0	4.0	4.0	2.0	0.65	0.607975	0.134342	751.0	6642.0	1	2012-09-27
637.0	7415.0	1	0.69	9.0	0	5.0	4.0	2.0	0.619167	0.585863	0.164179	1045.0	6370.0	1	2012-09-28
638.0	8555.0	1	0.542917	9.0	0	6.0	4.0	1.0	0.5425	0.530296	0.227604	2589.0	5966.0	0	2012-09-29
639.0	6889.0	1	0.583333	9.0	0	0.0	4.0	1.0	0.526667	0.517663	0.134958	2015.0	4874.0	0	2012-09-30
640.0	6778.0	1	0.649167	10.0	0	1.0	4.0	2.0	0.520833	0.512	0.0908042	763.0	6015.0	1	2012-10-01
641.0	4639.0	1	0.871667	10.0	0	2.0	4.0	3.0	0.590833	0.542333	0.104475	315.0	4324.0	1	2012-10-02
642.0	7572.0	1	0.79375	10.0	0	3.0	4.0	2.0	0.6575	0.599133	0.0665458	728.0	6844.0	1	2012-10-03
643.0	7328.0	1	0.722917	10.0	0	4.0	4.0	2.0	0.6575	0.607975	0.117546	891.0	6437.0	1	2012-10-04
644.0	8156.0	1	0.6275	10.0	0	5.0	4.0	1.0	0.615	0.580187	0.10635	1516.0	6640.0	1	2012-10-05
645.0	7965.0	1	0.664167	10.0	0	6.0	4.0	1.0	0.554167	0.538521	0.268025	3031.0	4934.0	0	2012-10-06
646.0	3510.0	1	0.708333	10.0	0	0.0	4.0	2.0	0.415833	0.419813	0.141162	781.0	2729.0	0	2012-10-07
647.0	5478.0	1	0.709583	10.0	1	1.0	4.0	2.0	0.383333	0.387608	0.189679	874.0	4604.0	0	2012-10-08
648.0	6392.0	1	0.761667	10.0	0	2.0	4.0	2.0	0.446667	0.438112	0.1903	601.0	5791.0	1	2012-10-09
649.0	7691.0	1	0.630833	10.0	0	3.0	4.0	1.0	0.514167	0.503142	0.187821	780.0	6911.0	1	2012-10-10
650.0	7570.0	1	0.463333	10.0	0	4.0	4.0	1.0	0.435	0.431167	0.181596	834.0	6736.0	1	2012-10-11
651.0	7282.0	1	0.539167	10.0	0	5.0	4.0	1.0	0.4375	0.433071	0.235092	1060.0	6222.0	1	2012-10-12
652.0	7109.0	1	0.494583	10.0	0	6.0	4.0	1.0	0.393333	0.391396	0.146142	2252.0	4857.0	0	2012-10-13
653.0	6639.0	1	0.640417	10.0	0	0.0	4.0	1.0	0.521667	0.508204	0.278612	2080.0	4559.0	0	2012-10-14
654.0	5875.0	1	0.7075	10.0	0	1.0	4.0	2.0	0.561667	0.53915	0.296037	760.0	5115.0	1	2012-10-15
655.0	7534.0	1	0.558333	10.0	0	2.0	4.0	1.0	0.468333	0.460846	0.182221	922.0	6612.0	1	2012-10-16
656.0	7461.0	1	0.692917	10.0	0	3.0	4.0	1.0	0.455833	0.450108	0.101371	979.0	6482.0	1	2012-10-17
657.0	7509.0	1	0.728333	10.0	0	4.0	4.0	2.0	0.5225	0.512625	0.236937	1008.0	6501.0	1	2012-10-18
658.0	5424.0	1	0.815	10.0	0	5.0	4.0	2.0	0.563333	0.537896	0.134954	753.0	4671.0	1	2012-10-19
659.0	8090.0	1	0.572917	10.0	0	6.0	4.0	1.0	0.484167	0.472842	0.117537	2806.0	5284.0	0	2012-10-20
660.0	6824.0	1	0.51	10.0	0	0.0	4.0	1.0	0.464167	0.456429	0.166054	2132.0	4692.0	0	2012-10-21
661.0	7058.0	1	0.568333	10.0	0	1.0	4.0	1.0	0.4875	0.482942	0.0814833	830.0	6228.0	1	2012-10-22
662.0	7466.0	1	0.641667	10.0	0	2.0	4.0	1.0	0.544167	0.530304	0.0945458	841.0	6625.0	1	2012-10-23
663.0	7693.0	1	0.63625	10.0	0	3.0	4.0	1.0	0.5875	0.558721	0.0727792	795.0	6898.0	1	2012-10-24
664.0	7359.0	1	0.800417	10.0	0	4.0	4.0	2.0	0.55	0.529688	0.124375	875.0	6484.0	1	2012-10-25
665.0	7444.0	1	0.807083	10.0	0	5.0	4.0	2.0	0.545833	0.52275	0.132467	1182.0	6262.0	1	2012-10-26
666.0	7852.0	1	0.72	10.0	0	6.0	4.0	2.0	0.53	0.515133	0.235692	2643.0	5209.0	0	2012-10-27
667.0	4459.0	1	0.694583	10.0	0	0.0	4.0	2.0	0.4775	0.467771	0.398008	998.0	3461.0	0	2012-10-28
668.0	22.0	1	0.88	10.0	0	1.0	4.0	3.0	0.44	0.4394	0.3582	2.0	20.0	1	2012-10-29
669.0	1096.0	1	0.825455	10.0	0	2.0	4.0	2.0	0.318182	0.309909	0.213009	87.0	1009.0	1	2012-10-30
670.0	5566.0	1	0.666667	10.0	0	3.0	4.0	2.0	0.3575	0.3611	0.166667	419.0	5147.0	1	2012-10-31
671.0	5986.0	1	0.581667	11.0	0	4.0	4.0	2.0	0.365833	0.369942	0.157346	466.0	5520.0	1	2012-11-01
672.0	5847.0	1	0.522083	11.0	0	5.0	4.0	1.0	0.355	0.356042	0.266175	618.0	5229.0	1	2012-11-02
673.0	5138.0	1	0.49125	11.0	0	6.0	4.0	2.0	0.343333	0.323846	0.270529	1029.0	4109.0	0	2012-11-03
674.0	5107.0	1	0.532917	11.0	0	0.0	4.0	1.0	0.325833	0.329538	0.179108	1201.0	3906.0	0	2012-11-04
675.0	5259.0	1	0.494167	11.0	0	1.0	4.0	1.0	0.319167	0.308075	0.236325	378.0	4881.0	1	2012-11-05
676.0	5686.0	1	0.567083	11.0	0	2.0	4.0	1.0	0.280833	0.281567	0.173513	466.0	5220.0	1	2012-11-06
677.0	5035.0	1	0.5475	11.0	0	3.0	4.0	2.0	0.295833	0.274621	0.304108	326.0	4709.0	1	2012-11-07
678.0	5315.0	1	0.333478	11.0	0	4.0	4.0	1.0	0.352174	0.341891	0.347835	340.0	4975.0	1	2012-11-08
679.0	5992.0	1	0.540833	11.0	0	5.0	4.0	1.0	0.361667	0.355413	0.214558	709.0	5283.0	1	2012-11-09
680.0	6536.0	1	0.645417	11.0	0	6.0	4.0	1.0	0.389167	0.393937	0.0578458	2090.0	4446.0	0	2012-11-10
681.0	6852.0	1	0.659167	11.0	0	0.0	4.0	1.0	0.420833	0.421713	0.1275	2290.0	4562.0	0	2012-11-11
682.0	6269.0	1	0.741667	11.0	1	1.0	4.0	1.0	0.485	0.475383	0.173517	1097.0	5172.0	0	2012-11-12
683.0	4094.0	1	0.662917	11.0	0	2.0	4.0	2.0	0.343333	0.323225	0.342046	327.0	3767.0	1	2012-11-13
684.0	5495.0	1	0.552083	11.0	0	3.0	4.0	1.0	0.289167	0.281563	0.199625	373.0	5122.0	1	2012-11-14
685.0	5445.0	1	0.620417	11.0	0	4.0	4.0	2.0	0.321667	0.324492	0.152987	320.0	5125.0	1	2012-11-15
686.0	5698.0	1	0.524583	11.0	0	5.0	4.0	1.0	0.345	0.347204	0.171025	484.0	5214.0	1	2012-11-16
687.0	5629.0	1	0.545417	11.0	0	6.0	4.0	1.0	0.325	0.326383	0.179729	1313.0	4316.0	0	2012-11-17
688.0	4669.0	1	0.692917	11.0	0	0.0	4.0	1.0	0.3425	0.337746	0.227612	922.0	3747.0	0	2012-11-18
689.0	5499.0	1	0.623333	11.0	0	1.0	4.0	2.0	0.380833	0.375621	0.235067	449.0	5050.0	1	2012-11-19
690.0	5634.0	1	0.685	11.0	0	2.0	4.0	2.0	0.374167	0.380667	0.082725	534.0	5100.0	1	2012-11-20
691.0	5146.0	1	0.61375	11.0	0	3.0	4.0	1.0	0.353333	0.364892	0.103246	615.0	4531.0	1	2012-11-21
692.0	2425.0	1	0.580417	11.0	1	4.0	4.0	1.0	0.34	0.350371	0.0528708	955.0	1470.0	0	2012-11-22
693.0	3910.0	1	0.56875	11.0	0	5.0	4.0	1.0	0.368333	0.378779	0.148021	1603.0	2307.0	1	2012-11-23
694.0	2277.0	1	0.404583	11.0	0	6.0	4.0	1.0	0.278333	0.248742	0.376871	532.0	1745.0	0	2012-11-24
695.0	2424.0	1	0.468333	11.0	0	0.0	4.0	1.0	0.245833	0.257583	0.1505	309.0	2115.0	0	2012-11-25
696.0	5087.0	1	0.535417	11.0	0	1.0	4.0	1.0	0.313333	0.339004	0.04665	337.0	4750.0	1	2012-11-26
697.0	3959.0	1	0.786667	11.0	0	2.0	4.0	2.0	0.291667	0.281558	0.237562	123.0	3836.0	1	2012-11-27
698.0	5260.0	1	0.50625	11.0	0	3.0	4.0	1.0	0.296667	0.289762	0.210821	198.0	5062.0	1	2012-11-28
699.0	5323.0	1	0.555652	11.0	0	4.0	4.0	1.0	0.28087	0.298422	0.115522	243.0	5080.0	1	2012-11-29
700.0	5668.0	1	0.649583	11.0	0	5.0	4.0	1.0	0.298333	0.323867	0.0584708	362.0	5306.0	1	2012-11-30
701.0	5191.0	1	0.806667	12.0	0	6.0	4.0	2.0	0.298333	0.316904	0.0597042	951.0	4240.0	0	2012-12-01
702.0	4649.0	1	0.823333	12.0	0	0.0	4.0	2.0	0.3475	0.359208	0.124379	892.0	3757.0	0	2012-12-02
703.0	6234.0	1	0.7675	12.0	0	1.0	4.0	1.0	0.4525	0.455796	0.0827208	555.0	5679.0	1	2012-12-03
704.0	6606.0	1	0.73375	12.0	0	2.0	4.0	1.0	0.475833	0.469054	0.174129	551.0	6055.0	1	2012-12-04
705.0	5729.0	1	0.485	12.0	0	3.0	4.0	1.0	0.438333	0.428012	0.324021	331.0	5398.0	1	2012-12-05
706.0	5375.0	1	0.50875	12.0	0	4.0	4.0	1.0	0.255833	0.258204	0.174754	340.0	5035.0	1	2012-12-06
707.0	5008.0	1	0.764167	12.0	0	5.0	4.0	2.0	0.320833	0.321958	0.1306	349.0	4659.0	1	2012-12-07
708.0	5582.0	1	0.91125	12.0	0	6.0	4.0	2.0	0.381667	0.389508	0.101379	1153.0	4429.0	0	2012-12-08
709.0	3228.0	1	0.905417	12.0	0	0.0	4.0	2.0	0.384167	0.390146	0.157975	441.0	2787.0	0	2012-12-09
710.0	5170.0	1	0.925	12.0	0	1.0	4.0	2.0	0.435833	0.435575	0.190308	329.0	4841.0	1	2012-12-10
711.0	5501.0	1	0.596667	12.0	0	2.0	4.0	2.0	0.353333	0.338363	0.296037	282.0	5219.0	1	2012-12-11
712.0	5319.0	1	0.538333	12.0	0	3.0	4.0	2.0	0.2975	0.297338	0.162937	310.0	5009.0	1	2012-12-12
713.0	5532.0	1	0.485833	12.0	0	4.0	4.0	1.0	0.295833	0.294188	0.174129	425.0	5107.0	1	2012-12-13
714.0	5611.0	1	0.642917	12.0	0	5.0	4.0	1.0	0.281667	0.294192	0.131229	429.0	5182.0	1	2012-12-14
715.0	5047.0	1	0.650417	12.0	0	6.0	4.0	1.0	0.324167	0.338383	0.10635	767.0	4280.0	0	2012-12-15
716.0	3786.0	1	0.83875	12.0	0	0.0	4.0	2.0	0.3625	0.369938	0.100742	538.0	3248.0	0	2012-12-16
717.0	4585.0	1	0.907083	12.0	0	1.0	4.0	2.0	0.393333	0.4015	0.0982583	212.0	4373.0	1	2012-12-17
718.0	5557.0	1	0.66625	12.0	0	2.0	4.0	1.0	0.410833	0.409708	0.221404	433.0	5124.0	1	2012-12-18
719.0	5267.0	1	0.625417	12.0	0	3.0	4.0	1.0	0.3325	0.342162	0.184092	333.0	4934.0	1	2012-12-19
720.0	4128.0	1	0.667917	12.0	0	4.0	4.0	2.0	0.33	0.335217	0.132463	314.0	3814.0	1	2012-12-20
721.0	3623.0	1	0.556667	12.0	0	5.0	1.0	2.0	0.326667	0.301767	0.374383	221.0	3402.0	1	2012-12-21
722.0	1749.0	1	0.44125	12.0	0	6.0	1.0	1.0	0.265833	0.236113	0.407346	205.0	1544.0	0	2012-12-22
723.0	1787.0	1	0.515417	12.0	0	0.0	1.0	1.0	0.245833	0.259471	0.133083	408.0	1379.0	0	2012-12-23
724.0	920.0	1	0.791304	12.0	0	1.0	1.0	2.0	0.231304	0.2589	0.0772304	174.0	746.0	1	2012-12-24
725.0	1013.0	1	0.734783	12.0	1	2.0	1.0	2.0	0.291304	0.294465	0.168726	440.0	573.0	0	2012-12-25
726.0	441.0	1	0.823333	12.0	0	3.0	1.0	3.0	0.243333	0.220333	0.316546	9.0	432.0	1	2012-12-26
727.0	2114.0	1	0.652917	12.0	0	4.0	1.0	2.0	0.254167	0.226642	0.350133	247.0	1867.0	1	2012-12-27
728.0	3095.0	1	0.59	12.0	0	5.0	1.0	2.0	0.253333	0.255046	0.155471	644.0	2451.0	1	2012-12-28
729.0	1341.0	1	0.752917	12.0	0	6.0	1.0	2.0	0.253333	0.2424	0.124383	159.0	1182.0	0	2012-12-29
730.0	1796.0	1	0.483333	12.0	0	0.0	1.0	1.0	0.255833	0.2317	0.350754	364.0	1432.0	0	2012-12-30
731.0	2729.0	1	0.5775	12.0	0	1.0	1.0	2.0	0.215833	0.223487	0.154846	439.0	2290.0	1	2012-12-31
